-31.140106818529
-29.307741130369
-27.702282955172
-24.823603667431
-19.734471382648
-17.468192604636
-16.524288084323
-15.436249764616
-13.459321158283
-9.690314296181
-7.307730549914
-8.545384193233
-11.804049880313
-16.310102779910
-20.104006874542
-21.868478624425
-17.557436342863
-10.063806086243
-5.038226597238
-1.185631607446
-0.587361308779
-0.961864470934
-1.789073380698
-6.129384837605
-8.641557776034
-6.205573570806
-6.692657213358
-12.213464085439
-15.764797460062
-20.123516002134
-27.929091718619
-36.505209574756
-41.478517637308
-43.718818126428
-45.025099911649
-44.323620651527
-41.311648607131
-33.783861483749
-25.403725927537
-15.696230341103
-4.702594566959
5.355401722362
15.613833823884
23.062460090029
28.096303307686
30.940777856961
30.644399684298
26.519428522975
23.085737909361
20.213538043938
19.272518585244
24.617422754158
32.579435447261
35.725371077029
29.088735703706
18.344268950794
11.493204512504
8.252775851866
6.840521104964
9.632266473454
16.607591569580
20.997855793232
16.795443551340
9.602882275213
3.110269688376
-0.340963517374
4.841492623433
14.760031447745
21.630444392455
21.351651923807
19.234474249513
21.003662095448
25.441189705328
31.832842966007
36.523339386723
33.053330197342
24.123280547134
13.369527805867
4.503585690492
0.907139057466
2.540654127280
8.745471700621
10.656130158154
5.623289380366
-0.094589863484
-3.273801325080
0.793055052185
7.296196855427
17.824677755474
33.200767249055
34.907894737314
22.957640141157
9.278611769433
4.182238673060
6.752511645711
5.972221857576
8.281264944609
13.155805076988
10.025888754374
1.687967347298
-4.223957792484
-2.493489446595
2.279432153643
8.922329645685
20.961865550818
26.244550696437
21.649465055864
13.981905522757
3.612665791221
-3.499616385242
-2.869102882887
4.952067314497
13.048812285193
13.074760665869
11.095524145646
7.313011618855
3.309045210393
3.551172851359
6.923389720151
15.419901078019
21.622026278577
20.824441042981
17.426907956055
15.051889453992
15.636247877738
16.078979934864
19.151137894970
25.894087875206
32.114887781770
33.529162537978
28.892622920833
21.461004390326
14.642536984379
7.438455023146
2.605609508836
3.410878515912
7.083397931407
7.468005585724
3.230316968095
2.328353415645
6.799487081663
14.800850750319
23.756457363007
30.548887444408
30.205670487929
28.066857560793
25.742237773949
19.058549260832
8.865875041217
-1.883476836099
-6.534460711100
-7.099114527734
-7.563694896604
-10.382117320263
-17.602463642803
-25.352144820169
-29.968557737270
-31.639773503831
-28.336921109635
-20.330662868728
-10.179147662715
-3.310747982867
-1.292238354418
-4.196465879747
-11.592746034306
-20.183733148692
-28.200050410521
-29.866715509571
-23.804995807513
-17.444774168194
-12.475665287605
-6.965693391124
-0.461889722216
4.067858831687
3.903132962499
2.763821415865
-0.273903347736
-5.301916633918
-10.180384149938
-11.741873093507
-9.950949339124
-8.934492775701
-8.885409860088
-11.492281572357
-13.310589417356
-14.714772063537
-15.280463772897
-16.001352212712
-16.110723415967
-8.854797639050
-4.355340228339
-4.227481559151
-0.222962228061
1.970985641614
0.540261882705
0.265908995723
1.948284834074
1.281406353672
-2.890944518253
-3.956615370837
0.205493791105
8.212951739775
12.522073826799
12.501785233796
14.970568883440
12.206322108035
9.041902232023
8.320501241198
6.367354532237
6.586350682193
4.947366614834
-0.324663767111
-6.941679178216
-11.179382121139
-9.981813044065
-8.768751635892
-9.408826859020
-9.279967876327
-8.557363034911
-10.388786673619
-13.812744336133
-12.362237077354
-10.579723017667
-9.799679389631
-10.217619575777
-12.789466057414
-12.876966271070
-11.625508811031
-11.009083883019
-8.867974917789
-4.874928792984
-3.163482919520
-4.064510174786
-6.915018112907
-12.535145856007
-18.044038868081
-20.833330055072
-19.094067191593
-16.126016969085
-13.243832184486
-11.228586021106
-14.207585515638
-16.296867139129
-12.693058250358
-7.089432732231
-1.749072916845
-1.066061463990
-3.707409785366
-6.083672136028
-8.576375994921
-7.460806678430
-6.132165169048
-4.886594233454
0.042284746579
8.458589812942
12.549320251474
6.467655571015
-4.867601846212
-14.386347104183
-19.854276615730
-23.420105644903
-25.485020939929
-23.755448224980
-19.213189224837
-16.953661993874
-17.170112725426
-18.709391222819
-19.920571893714
-17.948994762656
-11.546031006454
-3.688548406790
2.587719707677
6.433263867904
6.886754539912
6.724272713696
4.199739966218
-0.327242076791
-2.517482332667
-5.797193236276
-5.786881383597
2.292870121993
7.464230447538
6.407149252086
2.209521117210
2.010720985908
3.328188861442
0.747697891466
-3.415374972413
-4.679255608677
4.228165589975
11.213773114423
11.863823512569
15.744309634800
18.577219595336
17.022149916257
12.306310189732
9.548971430891
8.195688720500
5.573387861634
3.838952232344
1.831052330206
-0.583726978651
-1.292351424753
-3.353060814326
-2.505360322641
0.285329178398
3.033809498828
8.908017819510
13.694698027018
17.085444129552
20.885498173143
23.153581308250
21.056752318106
15.154526784545
10.157158397921
6.532381355994
4.927690861469
6.604991318622
7.810158390709
5.253315090514
-2.610931125264
-13.115758466688
-21.972527083647
-27.678155572977
-31.271937715348
-35.479901988379
-35.886062595437
-33.816917642419
-31.304416772174
-27.601671332084
-27.117014105994
-27.539507224056
-25.080226272815
-22.291402458058
-17.373771324287
-11.379833108335
-9.078938162004
-13.610178351369
-21.534406832153
-25.221705323977
-25.925383250979
-24.353396825930
-20.951021144466
-18.151830613783
-14.806642704609
-13.771465376433
-17.562832506590
-20.761683718172
-18.273766425900
-12.229202180518
-8.687446763945
-8.588254958785
-9.968822067385
-14.092003831524
-20.715515324313
-28.007364425746
-32.452163886223
-31.684640541363
-27.165663468021
-19.786910599435
-10.347907786964
1.227933753611
11.460635725431
15.458932927223
18.544216516614
26.687545846506
36.311895306584
40.966412464607
43.097481870365
48.004035172682
51.230881339929
48.897560460568
47.345621322548
47.516322813136
50.030417554063
51.688989893364
51.895025965735
51.047777370793
45.936212707247
39.692759424760
35.770462509110
34.111215254985
32.662645316305
29.824654745557
26.395094646743
22.520401092533
16.782345902559
11.641846563997
9.103724936624
10.388717286045
12.169137420689
13.086437232818
16.401199906091
17.146887956533
14.487837565776
14.904319690298
20.670023760731
25.104337229069
27.827127450083
32.566566189372
34.637270206290
29.854663533076
20.253870120313
13.761055226447
16.291026527627
19.574280226094
20.652231339676
24.628967501890
25.174936960689
18.093875873220
10.607493000624
7.737964271693
5.850638874082
-0.313657711797
-7.462916609292
-10.853282374931
-13.654275808219
-18.661248110758
-24.196153952064
-26.831382336009
-27.638072569773
-28.382462985477
-24.930505468423
-19.198484450488
-14.547370347508
-12.552015498853
-12.966047665019
-13.460823782639
-13.668069419543
-14.278785360499
-16.968639224917
-18.727508476154
-16.286464860766
-12.137813384648
-8.994088851808
-5.861304593577
-4.961658574620
-7.174582165242
-11.288207471896
-12.402098849141
-7.583742732696
0.184196692982
6.884912421137
10.499633307270
10.731071826377
7.017718580962
-0.267335098172
-9.207977856936
-14.554583265369
-15.961708212712
-12.042302297738
-4.279225327634
4.616424553672
11.161687918112
11.898782921539
10.754345104190
8.376532429853
5.503326507021
6.161674987798
9.781467443758
13.350635478044
13.401044149481
11.182015589198
8.826404724527
10.789753459380
11.972338686802
8.682258131331
7.492936924643
6.284881149742
6.472066060459
8.036183138380
9.924708742914
14.976107598937
18.141699844216
15.080536501248
6.110205416452
-2.808034296912
-7.294937462239
-7.132611225539
-1.908138954385
6.702669394209
16.797926244814
19.821451029304
9.994553762783
4.137606856230
5.758362817348
9.339275495772
8.829400539709
4.608437018354
7.863592621677
7.931989530312
2.682375290776
1.442220013788
1.262426106963
2.106538279924
-1.967774295785
-9.326304850882
-16.169039939590
-24.405888021763
-24.722042539869
-20.471486489527
-14.658243737348
-8.602645031407
-6.359516278830
-3.943586733231
-5.512043682784
-8.942406691366
-9.747791230548
-9.420399660295
-8.281375698802
-8.672920135613
-12.806263218633
-20.968233623536
-30.481863797263
-36.575992247144
-39.697987348199
-37.580542106794
-33.710365287447
-34.204534562751
-39.149502604998
-41.066772080000
-35.054068787258
-27.142084175862
-19.871928131663
-12.491483501457
-11.516537729154
-18.636316243738
-27.230736016745
-31.209443769069
-28.423401873302
-20.600361572398
-10.670488081549
-4.015585769365
-5.712185639138
-14.736982049404
-23.665273340618
-26.729239698611
-24.945312820033
-20.595058749951
-14.267702194011
-8.385943188430
-4.776521707317
2.203540466139
10.464418296617
15.282415862590
17.656747428436
17.784625330719
16.424478254609
15.719422782058
16.904519504941
16.824452204408
14.756323316850
11.945854761442
7.675270996151
4.661583386066
3.445179580242
1.516883723548
0.046734361577
1.122708854364
3.682492121153
1.577077681671
-3.634908010113
-5.103253571860
-6.393998222910
-8.270707942433
-7.120200326854
-4.999191222904
-5.390301542260
-5.973270256502
-3.028179703287
2.397934908809
6.575257804473
8.389397142082
7.429382877552
3.654475822972
-3.453562962910
-8.430727534000
-9.114235803380
-8.898855601918
-5.976488875541
-1.925259053963
5.186627283451
10.154049117094
7.836496802187
7.777247736772
10.733982218460
13.454805379087
17.921074539626
21.154232711911
27.223245115325
34.195547069595
35.909957082395
36.282493144052
33.061042661427
26.818472861394
19.185544802114
15.614789795446
14.248820066985
11.424054198465
13.533006405364
17.871524708527
19.336305335001
19.733267854278
21.605847807143
28.532765843357
31.477068278194
27.484807602747
24.622614743703
26.470480512646
27.115458519113
19.839374565982
15.751258437179
16.379748053538
15.882481500336
18.604756126054
26.827394253313
34.423905248471
36.629808737949
36.526205344029
30.823608055352
18.828042438402
9.435627734774
7.663528616140
12.073654764564
17.216383248075
23.243932434485
28.082794727269
25.649454270472
16.938025682106
6.486208692967
-0.386748482178
-5.317214596046
-8.258575961835
-11.930451082234
-17.820679885547
-24.972288696650
-32.263679408082
-36.842734941932
-38.690841419332
-36.271003291676
-34.101998561375
-33.368490357923
-33.786775037754
-39.857213582311
-43.381475705128
-40.402592342495
-34.997439842424
-27.871011683696
-20.177564202984
-12.652401736997
-8.220492549242
-4.302799123162
0.617429149840
2.189085267789
0.200130408912
-4.422499792895
-8.900495881229
-10.558679041278
-7.616367212559
-2.090494062790
1.874514406999
3.204689528562
1.109395642330
-3.842139226911
-7.102946047410
-6.377187782819
-4.288707760574
-2.534456270848
-3.790873851731
-7.880165614516
-13.702864751880
-20.856961719727
-26.499566675294
-28.362313730593
-24.156921867596
-17.604186040554
-13.724574463555
-13.270779054840
-15.013149909452
-16.470628513982
-19.145685777778
-20.003622013017
-20.036712999882
-23.124927001907
-22.860935093004
-23.031506719383
-25.011255795706
-25.265395458836
-25.298851082440
-18.661575043103
-13.306550097688
-13.987903006635
-10.231315765926
-6.642797656371
-6.069989652224
-8.774245287719
-10.018020413851
-8.157934302415
-9.727958583291
-10.117520568304
-10.593112707482
-13.752943013078
-16.530781000747
-18.452271558597
-14.737156464583
-13.541592407428
-15.022029787332
-10.478329059526
-6.565063725149
-6.540420898586
-10.580718132909
-14.894536694088
-14.874097981411
-14.934141307996
-14.015990125241
-9.327721051038
-5.267955354363
-4.579856005712
-6.943550358035
-10.309265795030
-12.945927258540
-13.654388708353
-11.928110514498
-7.368947721618
0.694064034404
9.566210021009
12.284348692765
8.450906773324
4.247454572176
1.370951253398
0.177901052635
0.072744986480
1.977496947734
6.817169736630
13.800754705364
18.067997828342
18.149716942978
20.188386989707
22.520475564516
22.930613213001
25.239683985651
29.006809461904
32.369612930632
32.692660398860
31.058628549496
26.081713658830
16.776215716295
9.797786962635
5.990942246427
4.093845984468
3.407258749536
4.766173158866
4.719429282346
2.009305397062
1.872896764404
4.218019823748
8.216535792275
13.246299807146
19.897838445458
28.035315658326
32.906969316258
33.293934845680
33.289479893144
34.673206617598
37.483040787605
40.922946109986
43.636538177393
44.310028152253
41.409761665982
36.087231869251
30.454548175608
26.821592772461
28.310090374098
30.370738808730
28.030425398948
22.221660436865
19.613760512851
21.151776952132
22.311867698766
21.673577510421
18.138243196893
15.923931748872
13.529770732895
5.513843383437
-1.810548346937
-7.717952280210
-13.361306088201
-15.069441474947
-12.341739814863
-4.415655756433
0.784885300698
-0.007508571505
1.339755617490
4.424802280928
5.597864023130
6.107836627051
10.280094840943
17.677953688944
22.374683500799
24.131566745779
25.360483295757
24.959649667117
23.899407548009
20.104572298611
15.784103655778
11.120347072084
3.146368987470
-1.962721536150
-4.251558531113
-6.917435838447
-9.932171268679
-11.501466034991
-11.986889553518
-13.849096662497
-14.092675176145
-13.051668268051
-7.816614510022
-4.285754445727
-7.644241697820
-11.480644771767
-16.125458445620
-19.497881079369
-18.638026279402
-15.123334539750
-9.421664864076
-3.614354896671
-0.032610246195
0.272953988929
-4.830302684941
-9.717518621554
-11.855813131282
-13.113602403075
-11.068879492819
-5.637299373040
-2.637103797668
-3.054759421355
-5.596556643602
-9.819274657115
-13.620686017820
-15.563376114415
-15.036335219611
-14.542221949924
-14.303845240707
-16.692285286864
-17.877590894966
-18.890653574786
-20.955003037873
-20.349431936341
-17.746185196585
-13.056262513460
-5.318337675838
3.967105626065
6.802748614825
0.683940019121
-2.491053322305
-1.435296674505
-2.284438023556
-5.546223144779
-9.904203872762
-11.922822738265
-13.220438694435
-14.432018729158
-13.129658139136
-9.093348164951
-4.441482900054
-0.364366219455
0.175180375071
-5.827611299471
-14.761175965684
-21.675685121614
-26.440517158685
-28.221842042932
-27.408744942624
-25.068978505237
-20.307896956336
-18.988039403358
-16.724013373740
-11.612866008917
-11.623650749677
-12.894057651785
-13.628593534693
-11.528330076442
-7.216089437814
-10.464312824311
-11.294052100253
-5.224293066618
-3.988046388238
-5.955092596469
-3.906976526140
4.760620016892
10.900844825477
10.285707414399
9.964726131483
9.395602628874
8.948885055333
8.660307110118
10.518168035012
15.718511261626
18.551770035303
18.788376539821
16.386341833248
11.729232205805
6.497774000279
-0.145903083501
-4.414985741022
-9.633510702685
-16.557833813647
-15.123767127260
-8.368992574641
-5.868625066207
-5.139692007684
-0.615748972458
4.979851863918
10.286699236256
16.518191680933
19.238013901409
15.672712129221
9.343773254612
3.136906229200
-1.915844802779
-6.374366991118
-6.634730315530
-1.148731064251
4.747621614272
8.020691877515
6.924132722879
5.207273525142
4.738594135442
2.328781562512
2.563952509783
5.720490657212
9.170952549096
12.192375780565
11.709506122491
11.394655509579
10.755404709757
9.550498357613
11.152531156875
13.723686002629
18.322658359192
23.199662385435
25.828582054580
28.196603687718
27.267083661715
25.989263034208
24.906257590596
24.297920812961
25.599778585931
23.370433260461
18.851065200958
13.920735167742
10.221599943363
6.964483752519
4.574914249041
1.480936609268
-3.141370601333
-5.801139146112
-6.576818171214
-3.932563924667
1.047778262915
5.683726622549
12.515501805571
17.356121839033
19.128556463362
19.927017404473
17.311011728752
14.788704401989
13.957099188584
11.724524774521
9.520929894809
10.000105620909
7.418179340568
0.506719687046
-5.382858555356
-8.175570732431
-9.597649418679
-10.477639518018
-10.398461413717
-6.679076354978
-0.353218192204
4.606706143918
7.856432399023
8.957566890527
6.584572859840
6.372209919288
6.348921693548
-0.098533808991
-7.612943955089
-13.782798122646
-13.466339082531
-10.725341270677
-14.176220139522
-15.430918673924
-15.031051339553
-17.163453804030
-19.393936440396
-20.051451971413
-18.372590489970
-20.059928743128
-22.987194079688
-25.273138981233
-30.924533981343
-35.777956130058
-41.986250234118
-44.544779479828
-45.329412164750
-45.717957667899
-40.627660875594
-35.953948319606
-33.725258263837
-37.259478094919
-41.417021688712
-36.626038044838
-25.510287847273
-13.723965825306
-2.493020203263
3.323084686492
1.344107487242
-4.695536302196
-12.385478791495
-20.184235445759
-22.496743161443
-16.675351204735
-6.236942528745
2.390186331352
6.079598791267
8.923295395944
7.089170276781
0.473899909838
-4.303868526738
-8.536224172814
-11.195457073263
-13.743070372934
-16.901493866305
-14.903749526862
-11.117450598386
-9.935909160545
-7.673126931117
-3.676774884488
-0.982059954940
0.935073964142
-0.893041374371
-5.098240719035
-10.164968802864
-14.202604322327
-12.355902222012
-7.970451558762
-2.793910054714
-1.000225596420
2.567446005201
5.496783000534
2.262196954481
2.593877980857
3.614568819378
4.651455677933
6.393450335858
4.445662659024
5.169113560344
8.624691207574
12.490501606921
13.518868074005
8.972005839528
1.101606680808
-6.119172964820
-7.255564606233
-2.093561198482
4.876352307846
11.145676778578
15.225698992442
12.587514907281
5.164599690392
-3.280493863296
-7.983362352486
-10.675878689478
-13.520284396945
-13.687157307164
-10.311124098504
-8.648236628182
-11.277645200098
-12.748802248287
-13.346385250407
-11.087611021965
-6.896074235661
-7.113784065594
-4.714594250338
2.187078120005
4.750145512221
2.382191120188
-2.112512115216
-0.950804601058
1.865891019579
1.824632225357
2.812293544224
-0.273853377627
-4.840245620099
-8.025617189487
-8.725713370319
-5.531460572084
-4.565015150397
-2.364856759151
3.433793962447
8.534243254744
12.673659726510
13.619420351250
14.428320886188
13.089236750951
6.592171574785
6.949449830538
14.753671539660
23.670554433443
28.293757348789
26.061432892823
23.192074562309
22.963659068978
26.240491095696
28.562710336987
28.523141264713
28.198264153104
25.380676108706
18.945058629425
6.400300502624
-6.114743269971
-11.264155464066
-8.917584248238
-2.657277552589
3.922228586159
10.122319637841
15.927943056873
18.992456304281
18.026210486227
18.612379445434
17.411948350679
15.036168151281
14.526814271312
16.995090028431
21.627151791868
21.796813888411
16.902745195752
11.277206005732
6.916861055417
1.524640585046
-3.597090404064
-4.029201565445
0.290328757717
6.890928717696
14.290310330133
17.464293641301
15.528108417769
11.791596805795
11.715185023457
14.081245914527
15.443665285788
19.326282744602
20.291859009242
18.451567438586
17.031077730708
13.752862078954
13.218455399442
16.234386790150
16.488560871552
14.658251400937
15.254213152101
15.916182713130
13.411905343111
11.395736760122
15.722081728292
21.113411958146
20.003959100560
14.473675579354
10.583271356192
10.548141871075
10.415110659419
12.763226122846
14.265090406641
13.528297986852
13.102323973432
10.990972172434
8.018692983704
6.364167872158
8.040072542094
9.421134015854
9.279043370180
7.917988949130
7.099457516995
9.999840299393
12.582268806821
10.554929578196
10.421815555897
11.683945247960
13.194379084544
14.663913261811
11.124887864174
12.694210234375
14.658119069795
14.412377848501
15.871848160719
15.229936966953
19.317156703844
23.022836865816
24.965588568559
28.029219248561
28.102581062058
27.884822043811
21.484999591860
13.501607272691
9.536765889493
6.521448394455
10.181862261675
10.763203539081
1.965701874344
-9.440996601785
-13.953962956595
-8.209329677597
-3.839515004465
-2.398272572677
-6.122523453208
-15.090657164247
-21.472920413200
-25.913338830292
-27.156821870133
-21.598395535004
-13.147085216235
-7.929442830752
-10.751062134533
-17.465009957955
-23.026061088134
-26.825286855220
-27.988306726335
-28.820615367334
-30.184511453245
-31.946180790984
-33.545034719931
-33.897511594234
-37.409378347446
-43.409474453990
-49.699073931448
-53.502930216741
-52.733761746185
-52.704629780593
-54.150714179547
-56.198009072766
-58.787578865519
-59.611099426552
-58.087540050500
-55.358517532505
-54.575878496407
-53.230032323879
-47.222412771877
-42.344096834758
-38.448666656045
-35.575144318605
-36.888684472503
-40.696383013952
-44.296601791229
-45.014458610832
-43.896994485393
-43.217828050002
-41.664824195753
-40.462090471057
-42.943049662851
-46.172331944666
-45.992759320205
-41.448137178681
-32.667874486172
-21.468687687481
-11.416104834156
-3.463316213415
-0.162949627551
0.598472665240
0.936995856533
3.503592162310
8.181145902496
11.610650967043
12.333887479960
10.943509458788
10.334183570885
10.387203839308
12.092430509108
15.014376086685
16.045504045038
11.690929429588
8.207839751865
14.517517237297
31.593442361233
44.204747125804
48.024371631352
49.494718653156
51.082784112272
52.448109796090
54.307516864446
55.911667927166
53.079969438361
51.063264467956
49.798191081195
50.105954522872
46.984852050269
38.126490917393
30.352439274395
26.057403008524
27.312300342087
32.717058459322
35.578646459672
34.339114071948
31.123005443466
32.622709739830
37.105006577563
36.105652295199
33.662158167027
31.646361089422
26.829824001835
19.020112478299
13.141110067012
7.875606063867
3.165933764372
2.329648653692
3.737460767758
7.036919830550
8.758918616016
5.587797786108
-0.200937160855
-8.181065505629
-14.542479543245
-13.135040260947
-5.471385192720
0.980894389024
1.263527064524
-1.080704261797
-4.268800340965
-8.363694294067
-9.972742729433
-7.944128026816
-4.406806444652
-1.765000127495
-1.455231537407
-1.963894452544
-2.851667872261
-4.190119999143
-2.782359827956
-2.379324023327
-4.925370527945
-4.394800605103
-4.507389524087
-4.015897809489
0.137834571370
2.857720547584
4.997312548239
3.147790483719
-1.381274136114
-4.523541922002
-6.269593850813
-6.536933945941
-7.337854138911
-4.959116894348
-1.127235801399
0.494680041033
3.081413257896
7.098354500079
9.301872648020
5.770814703759
1.159727995629
0.101615031956
-2.049845675569
-4.014084681665
-2.381388644271
-1.954224735925
-3.795589471541
-6.532852579106
-11.678580452601
-17.122193308084
-19.135275457602
-17.968116104636
-15.680885842686
-13.020962214116
-10.012287656452
-4.548672148768
0.109466067246
-0.268363955835
-1.512598547513
-4.023950952133
-10.009958940957
-15.662816361407
-20.519078676163
-22.033437329916
-22.264935157295
-21.796228107721
-19.397155265288
-20.418698692186
-22.849153005454
-24.118061715298
-19.858354084782
-7.944881690608
1.259622432366
8.095464043573
13.108002590797
13.623372227123
13.893189847308
12.550163711983
11.735378970704
8.693580229881
5.415205461192
5.321780352204
0.829934532719
-6.346095915557
-12.574961295163
-10.598840998397
-2.124442814292
4.098400205211
9.384382699702
9.522327045576
2.724071640186
-8.593568286330
-21.370998331380
-26.876202053326
-26.711233190726
-19.355532081011
-9.148933647042
-1.928567786637
4.434659192754
8.593570209425
9.875392394351
5.329351843741
-2.041087935613
-3.844911299925
-2.748926916271
-3.202847579884
-2.936765528630
-0.043621829061
2.672519497036
2.499039362181
1.313006579197
-0.466570055506
0.389435895971
1.986527373468
2.904072825947
4.147112966653
3.414239177179
1.006109280348
-3.282914345263
-12.299302892096
-21.252876072560
-20.905135543295
-12.818905241645
-4.606565764436
-0.099970225095
0.308683100603
-2.212590474454
-7.708549351149
-14.264566237199
-17.465625178308
-18.427692501334
-19.155054076185
-17.778565979715
-15.861530011586
-15.659574423800
-18.395858990164
-19.699733021145
-20.019373012912
-21.100382437883
-20.702484863738
-21.133178089528
-20.849241937641
-20.302258855041
-18.065939586547
-13.356098433332
-9.744398128316
-4.828596433701
0.245569646920
4.483539894822
9.457214600195
16.176898425868
25.776200369102
32.256213830881
34.667283211553
33.302721048577
26.891038397318
16.315791755605
3.743388323378
-2.037723883782
-4.743314174604
-4.064811979743
-2.738447237802
-0.984776350868
4.488399233281
5.715534871463
10.997391448427
17.531415105434
20.183338314610
22.787156820613
24.069877158704
25.760146446712
27.809030282620
19.065212160671
5.992233544622
0.552225298816
-0.900280177583
-3.568134702979
-10.392429833654
-15.348533897384
-18.778574930204
-18.852962669076
-14.186956292542
-9.617828210990
-4.997298902116
-0.908699147908
4.350214101617
6.834811300341
2.830862141354
-0.902037367777
-0.059432255426
4.131420697745
7.674114063658
12.557968990263
21.102503430810
25.660972867783
25.664710971736
24.812614161262
23.406427381805
23.620137496396
26.495219904221
32.656041691083
35.919534885542
31.495870841356
21.621129479109
11.015627685197
1.814706137048
-0.779702436585
6.234583481626
12.224542521885
14.281684216854
17.118636106388
19.195431791921
15.664796304563
5.088655593644
-7.564438275555
-12.191047966664
-15.301723318956
-21.505130670041
-26.936527998088
-32.418831036109
-36.732967763828
-39.312379072091
-41.600911678924
-42.083928233260
-40.179056109164
-39.614184596906
-35.774218140014
-28.974967668140
-25.166486064394
-22.558355264761
-20.804859831918
-20.661297924294
-15.731041761069
-5.810465342261
2.649091565770
11.748672514865
22.215758982235
30.076798951316
37.039189307376
44.189733214946
51.641243272321
56.506062091571
51.348420506522
41.623443920616
32.753844528782
25.377064379061
19.089809079758
11.928534235707
7.869138294136
9.124740846060
11.412292651941
13.809461545475
21.352686192075
29.628820611014
33.317024819945
33.242418304003
30.083832700215
26.445366325435
23.983206681393
21.193820833548
16.439069255327
11.603852089401
6.754349623713
7.411802204541
11.974938942437
15.582189374057
21.830386054021
27.205697621308
30.664410018133
27.912960990899
25.822071515943
31.165851228947
33.134054071711
31.909328745205
30.044958332656
26.488404789709
21.184667212352
9.038195192277
-4.459471468094
-16.983461319345
-23.243521647593
-18.721807121582
-9.490549097287
1.099647451286
2.742132788880
-3.441877523836
-10.639884863998
-21.428777024212
-28.089762943048
-28.744625023220
-25.970033132009
-22.812233968898
-23.250858003554
-22.604271221868
-18.798626258879
-12.487500011312
-6.971253657882
-4.942640833297
-4.977010466373
-5.637751819085
-4.470479196333
-0.593427691135
1.265532103492
-0.093366900056
-3.483096947873
-8.229223478131
-11.551703337989
-17.961943671732
-23.459962681724
-22.229708435453
-19.218405647152
-18.805333572638
-20.743926343781
-21.886908792335
-22.040403441637
-24.721354005287
-26.152272042488
-22.610196289579
-17.449343618462
-13.919910399305
-14.124185912837
-11.856164647591
-9.121058597864
-10.306296899049
-11.511526172850
-11.364894305926
-8.269534759500
-7.244335159025
-4.732115068438
2.281704361166
5.183751675109
7.688518309520
12.248995859491
18.313348527184
22.273739209415
18.227615618295
10.688882507819
3.004569927814
-4.347343827510
-9.798843203709
-11.009606175239
-9.507656379170
-9.056617020388
-8.214933055456
-6.409131183458
-5.648227016348
-2.657475895469
-0.748114469647
-2.354437093288
-5.269161494147
-13.330129905237
-24.303300856283
-33.044128217016
-40.465417077715
-43.299496345920
-39.171880765083
-34.239720648330
-29.550342042420
-22.772115944611
-17.687123858401
-18.536066081587
-20.357463917512
-17.476627044633
-11.898282391111
-9.255346013957
-9.312430404321
-7.557475306500
-6.295566116558
-8.580089002152
-10.433979304668
-5.853179705431
4.736841903407
11.739422301693
17.702057587074
25.936805632526
30.797971536082
31.149651390929
28.710285074151
27.307104207193
21.829777635493
13.041365756071
10.040178158875
11.500433351290
15.513521697803
21.556251594495
27.316824763188
32.948369154281
34.819556434956
35.613613668130
34.078935860845
29.893700825349
26.499571926990
24.714056943603
24.516665952382
21.962085807309
19.616131283846
18.258337978928
14.169020642755
4.325798310273
0.279415961043
0.656363368150
-1.613234928270
-2.906817735723
-3.480928586400
-6.377470072109
-10.472280520225
-14.629911787972
-18.433090616189
-20.905099827878
-22.411690860743
-22.472112199912
-25.977561237548
-33.679440081069
-42.543787253694
-50.237097505287
-51.955027075630
-43.633742595343
-32.645550357082
-26.323896060069
-23.039805660776
-20.679334553993
-14.644007271763
-10.939310473242
-11.363465656201
-13.176723417969
-18.849532902745
-27.510213912770
-34.710820674084
-34.925495598444
-30.066049680313
-25.085861362381
-20.199631917715
-18.139599569398
-16.217515809112
-14.442688584606
-11.197828070304
-1.819719668891
7.946271678226
15.142218859562
18.918467000972
19.196517418313
18.394787298782
18.939856707164
24.214707363702
31.785169207422
39.345730635838
44.664930035880
45.629030615752
44.251843302865
41.892961389452
37.618577294975
32.945785088222
32.574734288228
32.194059614793
26.937447783583
20.448625846999
15.264591965408
10.764668199198
10.792563751148
13.227323164201
15.068132786968
17.852505244718
16.230192101200
10.899206987803
-0.094717762699
-13.408813107544
-19.323342911508
-21.412536097441
-20.299043404802
-19.404513367846
-18.376187311708
-15.525682452301
-19.624593950659
-25.474965994790
-27.333629143671
-25.208342470410
-23.028029659614
-22.797042149070
-21.323368768558
-21.006097050505
-18.663973888402
-10.659014221749
-4.328479078655
-1.998633125317
-0.875169669551
1.022423501506
3.641717085676
3.111109169991
2.269730644720
0.509846412998
1.762783487001
2.753158965462
1.358593069811
2.580827105172
2.576136116635
1.187290282014
-1.226525523488
-3.731094779422
-7.051894495549
-8.267802931648
-5.075120636974
-0.912207131308
4.753774932306
14.016879351143
20.612187024572
21.842831680323
18.950250215938
15.717485995409
13.170284365506
11.508033299142
8.673304196775
7.606151171103
11.569800080949
11.660916047889
9.281923457656
6.470162468386
1.827344791752
-2.883808949233
-5.752640230653
-6.418686789678
-4.989051513368
-3.300810827140
-4.251441446070
-8.256225997384
-15.268856647778
-20.439403024163
-20.147328739095
-18.863569002411
-16.415562668261
-16.507938233535
-20.408430690068
-26.169494325471
-32.155532545271
-35.203718120316
-37.029728827890
-38.893898616850
-39.120373579104
-34.152916703766
-26.496647114389
-16.705275679315
-10.046906959516
-4.229471591673
2.415817183176
12.563843124664
26.816676040472
36.853568376159
37.304282762206
28.908153656467
20.577014479283
14.815950681642
11.331803274613
11.681423941143
14.968334228926
16.512422044004
14.771328235140
10.209234799438
9.788978463060
13.220900443376
18.124179888851
25.565259839959
34.445970097912
43.366059656904
49.702244200786
52.956290759118
49.356529838376
45.195740123469
44.718321931352
39.987219417714
32.370138364084
24.860614033997
20.997946371517
21.043823753890
12.653900922142
1.822677015300
-5.245603397489
-9.810992020336
-9.259628678574
-7.547112914296
-3.524788537840
-0.602394268290
-3.033247986527
-2.913114487588
-3.868881485153
-6.787075865247
-11.958595262495
-17.786333165272
-17.615206084030
-18.428301254180
-18.527126977347
-14.779428730563
-8.019207071219
-2.754395003849
-2.463737191629
-3.992061576228
-6.696426757666
-7.654993964213
-5.186444644459
-2.749868940488
-0.922362803930
-4.188296299558
-10.085336855336
-11.686516272164
-12.208351114238
-9.307396733926
-3.821302310529
1.734800836973
6.808139512130
8.353175043052
4.275022671668
-2.784402182874
-6.113108194527
-3.907768738879
-0.894620862877
2.401358163093
5.233348179120
4.126944560670
-2.599145012337
-14.306202637639
-20.765707169980
-20.032413418939
-15.771934319022
-7.799564808847
-4.288310716549
-9.234702300168
-21.717672858109
-32.295956812863
-32.900338882371
-28.704980529378
-23.056651884573
-15.706558436240
-9.262365831957
-5.880376157420
-8.478165921421
-12.265756248826
-12.890666643883
-13.287676030687
-12.720816135092
-15.727520645543
-20.284204211769
-20.614457005184
-19.872688543591
-20.359215782266
-22.080863252339
-19.219569325856
-10.372915158870
-2.700351503498
-0.704926847425
-2.987491337723
-3.056707359763
-2.376439400594
-0.847261483004
4.760427651218
12.767460198998
22.519509827420
30.825200145458
37.769113391691
40.100796286871
34.751047733742
27.034489382951
19.842547536638
15.671662314401
15.659801793885
17.114869857355
22.858183409486
25.228696957857
22.169273358792
26.792252453602
32.373006900039
33.539185062628
33.692003669654
35.650706757545
39.337249415710
34.345548250731
27.516285582189
25.524543803247
25.886893217048
25.770091306223
27.761092005148
35.951852830370
41.154925776320
41.417563670974
44.290418878211
45.078807290032
44.794898285870
46.724765449381
50.110505838660
54.267739723320
52.320794948183
49.963486663548
47.639350398477
39.526479124070
27.849401180430
18.625896826165
14.832846941233
13.018614939015
10.929719276977
4.452391303955
-8.514170012607
-21.798067236107
-29.402293263871
-30.671407016224
-28.336870362086
-26.154385416668
-27.076402828840
-28.811295840215
-32.614071072792
-39.022032871770
-42.534147631406
-41.469411275492
-39.759534304325
-39.787922289146
-40.076856637290
-39.943834604235
-39.154624120352
-36.494734187018
-31.547530939886
-27.452517187951
-23.758993852868
-21.005279782739
-22.142768884192
-25.388356078135
-25.188006479037
-21.818173478531
-18.611673421204
-17.394696025878
-18.917885326246
-19.110444899018
-21.610322386382
-26.586764174922
-26.883532951461
-21.984507625719
-14.827051567971
-9.617031584102
-10.136482238046
-14.004721069439
-15.060881296426
-15.409952209235
-16.105312648936
-15.923636894043
-14.944501007606
-11.391546881897
-8.033127977677
-4.208356246595
-0.480707479634
3.107901840420
9.169208723955
15.132770890069
22.334048822402
28.667516728677
28.627305451946
23.388592228928
15.601167311180
8.767037533922
4.865794237187
1.009549442331
-1.759486997923
-6.190278919418
-12.935318004584
-16.533004139997
-18.391411394660
-19.727935638984
-17.869200074202
-15.162926743559
-16.663452443516
-23.458876703295
-28.734038240216
-27.531573331970
-28.845289982795
-33.784861732183
-36.922454048335
-37.488872622169
-33.108535631882
-30.412834094646
-29.060167505302
-24.463707586763
-22.880685409611
-21.929221988698
-22.609696570835
-19.972214977742
-10.918894081674
-3.334459164305
4.113855713711
9.320300767491
11.030417018603
7.479582727475
2.739820681045
1.006991786575
-3.257314697524
-8.849385986127
-9.934930017079
-7.708870642416
-6.852272241645
-8.577109121017
-9.136737618903
-8.402562443407
-8.003354779223
-5.203439964482
-0.597611645867
4.941049382976
10.322525567378
14.130686678325
18.752242759343
25.721524954853
32.895857581908
38.526148806376
38.885423745906
34.674176882528
30.971764838612
28.343410185150
26.259111274530
24.598271900906
26.555662035442
29.356412681834
32.093158699665
34.009995074016
32.387425329130
31.390348261061
31.728504384924
31.825907904502
29.371898786793
23.310082069482
18.825205073452
15.719782922966
11.970662023959
12.113330724906
17.689568110855
21.663613187993
17.779488103287
11.786949578976
7.743129772341
6.349893350284
7.344866533464
11.704617192565
18.082294700442
20.901075764778
16.550455719845
5.214291441337
-7.737924607726
-15.951472649378
-19.405272969139
-20.518502290698
-16.973345661827
-8.623474751369
-0.288973018646
6.160646868544
9.868731868890
11.014085079902
8.926064927129
3.959531148723
-1.841238238331
-10.178170640258
-18.610347068296
-21.873015630959
-19.243778250759
-14.840285616115
-9.912094125636
-7.573970645827
-8.403793699065
-8.492975874288
-7.236937461441
-5.316534734227
-5.215193759453
-5.234614421885
-1.794294449013
2.102215117234
5.298077029823
10.441191643338
13.849870856625
15.848451466789
14.013693791337
10.808529900578
11.309024136863
10.734571689525
11.448630885170
11.155788474437
7.223665249380
6.224492310008
4.862732559413
5.288215790513
6.297475991503
3.773486062102
3.901492898437
4.721384326004
4.589831697795
-3.131138881397
-14.982577013765
-17.712018777766
-19.817361384824
-23.957947577288
-25.247411294768
-27.077869329456
-29.450040701465
-31.542310958061
-29.668307608201
-25.975405734965
-22.246904414577
-16.160930531309
-13.736881400751
-18.535506354449
-26.522185236560
-29.797252585491
-29.279334191248
-25.174124285418
-18.248557009824
-14.221495478307
-15.601179442449
-19.386737495272
-21.373619921985
-21.088889805273
-20.428639717365
-20.773421956004
-21.837512986259
-23.911272613249
-24.693330362013
-23.857808740721
-25.238364711106
-27.819712699786
-29.597245357687
-25.604432823712
-19.479730175065
-20.148030286645
-19.251087736717
-14.532935089147
-12.300939307044
-13.067086182083
-13.395769273510
-9.380713520476
-2.116595596424
2.536728871402
2.923070090730
1.020464824190
0.384879528429
0.497355922663
0.459065398916
2.150517010943
4.033666819796
4.358462564527
3.212078603750
2.563550205386
1.248703695899
-0.772102294945
-0.651052473802
1.532789812101
5.231048398280
7.177609018755
6.583664842775
5.227545900408
4.451426799925
5.201188205290
8.936909613729
15.691116510293
23.935106017494
30.235081088143
36.575562676706
42.799245191342
46.100068521523
45.239872402172
43.732350784945
44.219336795073
43.359745885634
43.538260722420
46.063577354838
48.653423369624
50.782594994232
49.113094545802
46.123898671139
45.838496009366
41.592617023421
33.993488395498
27.491626793630
25.219898585975
29.399007586210
27.830985968623
22.087742043932
20.278089784404
17.776742014331
12.436090413028
4.692437179284
4.672650185679
9.595923675288
11.607420883569
17.897758283171
20.774808165215
15.335795691121
5.034702105686
-5.325808861715
-10.530657814473
-15.128688439152
-18.542998961204
-18.717003110706
-19.580496694509
-22.707434581529
-24.507647967270
-22.263959692162
-22.064835242700
-24.980861535976
-26.958243768095
-25.859002746377
-21.518360940888
-20.960801450054
-21.611629783625
-21.724491893939
-22.643643665770
-25.208976117093
-27.139249241935
-22.744367569465
-15.642572341337
-11.632625103480
-10.978757758712
-8.621458208204
-4.518359422011
-0.932773140185
5.259159705586
12.499437267858
12.481907259529
4.802712748234
-3.674584551492
-7.298650038886
-5.374186000259
-2.973288638157
-3.588980940656
-4.502496103810
-8.634658562314
-13.358295284122
-15.450012781673
-12.844439294026
-4.666135930676
1.763968494673
6.924842121264
9.798182872978
7.917827369243
2.326515457466
-3.455518801479
-6.360226850552
-9.522464874797
-11.760958946488
-12.495827673377
-11.917928545868
-10.382004274451
-7.814673159564
-2.617391369672
1.495527377107
1.402434405511
-0.690515988388
-5.013053494209
-10.061737493303
-9.375029731421
-4.907455527430
-1.254914489393
0.304608484196
1.815462120722
2.685426667624
2.237628215775
4.020248525364
6.839476959101
9.727899375333
10.982355801321
11.988908694922
13.110085637997
12.731314325833
12.668549441660
10.143181740232
4.927279309937
3.287368992054
2.500437785531
0.846978737354
4.044859114972
11.408867605620
22.852805603352
30.186047434066
31.166347854640
34.051851083789
34.411720162138
31.352297220597
28.683057261208
25.917268775899
26.575935139770
27.807454781421
28.752147635953
29.165110473879
28.274335037183
28.079048198992
19.810694787319
7.264318474359
-3.266780782132
-7.919932908266
-3.288370664985
-0.052923828720
-0.194515931508
-1.706896166077
-6.235470149650
-10.434306447328
-14.570231386974
-15.434722589828
-12.728861426320
-10.698593790081
-9.425217431638
-13.343961152944
-19.415416662387
-23.635185596402
-23.096202532476
-22.106172116408
-22.930370132594
-18.843047303796
-16.301767609787
-22.436600729462
-27.947957267595
-22.937030631893
-9.342134147233
4.864436644541
15.098475788391
18.182199667273
13.439842484298
5.455157380054
-3.757520377635
-7.653415743716
-2.437286072920
4.266692907578
8.108211698729
8.842281791387
4.612578982489
-1.980681019073
-7.839906791226
-10.281109463706
-10.642304225724
-9.448852888978
-7.700093711729
-4.148777732382
1.422973272971
4.894032889435
6.378121529728
3.829895961912
2.653961439075
4.138927616894
2.971507705541
-1.138733161664
-4.902952359117
-6.891093507837
-8.827573472885
-11.456009798683
-11.790224227949
-12.052545581067
-11.648314756011
-8.476276728119
-2.618735244853
4.208146792284
7.515790843819
9.395744336716
8.913684597502
4.224748111283
-3.458490017351
-7.664667740808
-10.268714971838
-13.937335430436
-16.580123231677
-17.109159071790
-14.904579900330
-12.952531157501
-9.583539520091
-5.387137417850
-2.359314328297
-4.136538189578
-7.154523952488
-6.293695557768
-6.512103082805
-10.186973869875
-10.170318442720
-6.614527200069
-3.302440493152
-2.659540738137
-4.068345819601
-0.081129763593
2.917340262770
1.540539733121
1.784670744478
2.308169244120
0.883697294466
0.468640660457
4.128814624254
9.305792311915
13.300885349038
15.028173817414
13.362577043465
10.432848390723
5.481643563108
2.037517917615
6.251363179591
8.760147782808
8.767640334573
9.909844154508
10.187809683182
9.019073285939
3.106809793477
-3.767578866704
-3.971774789119
0.079330493769
2.708686038211
0.260722412847
-6.638016035301
-10.912800648792
-13.741413152648
-13.070261790837
-9.212725599620
-3.939726781185
3.998920134077
6.858594617732
1.321050797012
-7.385499386324
-13.814238150441
-17.592625110840
-20.969162073572
-20.583873846003
-17.507203306004
-13.196230883484
-3.904123406779
5.590575253347
11.055536372383
12.562286576533
11.332552144147
10.404148799303
9.420082487146
7.478829599196
8.685175974302
9.903021868374
7.495802475544
2.793183648835
-1.103815363193
-1.308463921814
-1.596409454580
-1.935943989257
0.831990928018
1.500053675818
-4.006980441178
-11.803814271035
-19.088087446572
-19.545119258736
-12.375639095539
-4.348741451993
0.212347286322
3.085820652521
4.175660735629
2.450485166947
2.006242530732
6.784986869898
16.652908065683
27.067270543772
31.360882556286
25.091903281908
14.722770650336
6.422431321452
-1.602808700072
-10.566194360234
-14.767857823603
-10.982598199844
-7.541605084942
-9.264166149629
-10.879466380243
-11.138434506672
-11.829524889462
-11.801025257874
-11.396291711366
-8.616849092983
-5.811053901183
-4.027691759490
-3.785292352531
-4.838093772943
-2.644195895175
-0.012407789449
-0.656938152997
-5.131930430368
-12.402274374461
-17.478029873802
-21.462645113543
-24.262819018201
-22.906455714308
-20.286669887468
-19.049992108579
-19.400070222373
-19.601638615838
-21.463683400005
-25.653178807088
-25.366031040190
-24.081041553826
-29.591576592029
-37.435072126299
-40.696911587212
-39.316523445174
-42.693256680190
-47.962996687037
-47.148055059471
-42.124463755598
-32.689666941919
-19.243918427916
-3.339694412775
6.056687251339
5.724567603263
3.175046966847
-2.650400654514
-9.480605050735
-14.094344623957
-13.605955007423
-4.132213838295
6.919608830888
18.519317015561
28.739448816115
30.304190303952
27.585098832718
24.866340465724
22.452349994474
23.307526620007
27.190152345114
32.160365915817
36.749585270843
41.403603405101
49.340408245247
55.662280552744
54.214114748767
52.207347600791
51.707666120505
49.216983241565
45.712094823043
43.578586026069
41.660405085668
37.682923670156
34.379713168610
30.681909553599
28.430470520529
29.038707256866
27.509714389089
25.503232073161
25.624397185328
25.997776599975
25.556785320870
23.701853907051
17.837308071954
9.847211942360
1.022661194846
-6.208010569477
-8.876731449151
-6.005978591844
-0.601873895332
4.685345007630
9.387754238862
12.868054603215
15.504477180654
13.432804037681
9.387272484015
6.012081674784
4.085238029634
2.598019597013
-1.031683730040
-3.497422356726
-5.464775607050
-7.737362859228
-7.750219291254
-6.427393893664
-5.520622106109
-4.514425030049
-2.955888584891
-1.471784385178
-0.375941953851
-0.876096476191
-3.364755359588
-2.995226651627
-1.138976381089
-3.765198953310
-3.549085580685
-3.837241245023
-7.835603992743
-11.424946045464
-16.832516583576
-17.463157512701
-18.698446781745
-20.301073936896
-15.366539138719
-9.090520317686
-7.252030219500
-11.751251545546
-14.988767862965
-14.093609510078
-9.311034392832
1.943967216594
12.382937780543
14.574879089394
7.553167125207
-3.053680910202
-8.450814936726
-11.838988938631
-11.573202282562
-5.736810124455
-1.822401252783
-4.451818588289
-11.426403595352
-21.413288040531
-33.270585518269
-42.118718110678
-45.299004458406
-45.443301236335
-46.017545546878
-46.136945679833
-41.752029578248
-33.758753994782
-26.157849823192
-22.778183933835
-18.966638235060
-12.436654312955
-9.124582957436
-8.094168870912
-3.506705572103
0.701582240659
2.255787160254
6.018527514525
10.067109321645
12.577030789844
13.195944846939
12.736738569987
11.329080014185
6.319864429368
0.697382245212
-0.925533915663
-2.601386219339
-3.362798666430
-1.970216824825
0.546194116283
5.042726358522
4.494945272879
4.328295411697
8.926607070439
13.504491930003
14.187892428220
10.555627461731
9.227229912322
12.152509624471
15.878140695131
19.369914910341
26.172745594295
35.215314257924
40.664024737822
41.752769447694
42.347453617518
44.414202626787
42.932021985211
35.463168709810
31.595544735452
33.611467589328
35.344888712431
33.317597362735
31.400519203186
32.301869440118
31.144514407702
28.577427296520
27.580652697882
30.642798379089
36.520427067423
39.015595890271
37.279747616107
33.283898334837
29.878005897358
27.691052224478
25.232336176644
21.529378504706
18.006988161984
14.880325019181
15.054648621264
15.206085437610
7.775796104874
5.412352204385
11.686882033558
17.923124478427
18.508737322726
13.506316927559
11.174006315361
4.630621923061
-5.549308623934
-9.269718734558
-9.975706145115
-8.604500275259
-7.238083220420
-3.698837862785
-1.415394277298
-7.844290591516
-14.264797579231
-19.995715094216
-24.988692651760
-29.135772321556
-31.816254268666
-28.796760223199
-25.226230925556
-22.228703097670
-17.670423992479
-16.076865609931
-19.754502527818
-27.132558993135
-34.497006245754
-38.733548381788
-40.338311484188
-35.105397750046
-30.179691063319
-33.405382458496
-40.756810238359
-47.398417983715
-48.078876861460
-49.162102282222
-49.566160881259
-45.675338137305
-45.037168090836
-49.601830695760
-54.460676295213
-53.429766915071
-51.197602338523
-51.594186621251
-48.658831164476
-40.682913990009
-32.490956404604
-24.493706706906
-18.772938534554
-16.258410258177
-12.642418348574
-5.998923110707
3.731866684222
4.629209499617
-2.213051215598
-6.376366595155
-11.447489850605
-16.510991323023
-14.244689368293
-6.122991298700
1.501305947488
2.309573276687
0.885772008849
3.146180314872
2.161448425351
-0.131895292480
1.789000995499
3.404192571141
4.577738119789
7.356811094872
9.114764157023
7.681485137500
2.726708743288
1.417503982882
6.917988576656
8.693728522311
3.613521473877
0.153219909057
1.006109982794
5.065555653222
9.288760431119
13.253191242730
18.006236677949
19.127402813245
13.945187155300
4.270769471727
-1.211728991760
-1.123279712428
-1.175123462996
-2.426736044839
-4.388100599949
-4.840029308501
-0.294264791107
5.522152157724
10.889251535888
13.259124612407
12.416554626907
7.893260127361
1.032138068364
-3.765831658221
-7.181118589043
-5.889795148378
1.793103782332
11.449434359424
21.278249104464
27.554709450135
28.990924097438
31.798524496223
31.684534047173
27.911258888297
23.221615760861
20.426970258760
20.860602151401
21.040786813660
22.333112953986
20.908602132732
16.629109576594
13.054659550218
12.670354025701
15.152121380371
13.593833558017
12.516508980991
17.471527380144
19.822503570959
18.515973875552
14.903804379169
11.622167996123
10.284071168303
8.384205924416
6.197550565890
2.812889597479
-1.680432930870
-6.218089172981
-7.111132362704
-5.966586275400
-7.557733992120
-9.705084423691
-11.207157503826
-14.465368375242
-17.038423035182
-16.653137381208
-11.870578685686
-7.442880862072
-5.404895012122
-5.272413539997
-6.599326901586
-9.501115320055
-13.053430619192
-12.787364196190
-9.307911117339
-5.676240780619
-1.334110455001
2.476546304646
1.961858445120
-2.874590095317
-5.453019013578
-5.606643349828
-6.983218195044
-8.094978456355
-7.503657202897
-6.739321979188
-6.630232118648
-4.778178281893
-2.183146378992
-1.680857447479
-3.990257994524
-6.239385903623
-5.226594652636
0.094842092749
6.908730709679
9.498997546216
9.811564736049
10.082627953766
8.703664979074
4.548484273353
0.234728781592
-2.421067593087
-4.389745422244
-3.594722688858
-2.788740851628
-5.611935270059
-7.481728828265
-4.992648308883
-0.895196293189
1.014560435240
-1.161539054867
-4.661020646880
-7.602120554450
-8.776741381466
-9.430733795010
-9.533635790452
-9.210657221026
-9.754541524225
-13.062802259416
-20.484476857623
-27.741813281091
-30.526902140197
-27.270828441966
-22.494095543505
-14.419342282265
-6.266834585591
-4.154811737502
-5.358676302737
-9.012456419051
-5.923641144819
3.128530872478
11.964518334133
23.272774828298
30.504414158208
33.791162209664
32.569193436147
29.305814248842
28.572269071212
22.615105189271
