-2.805092048645019531e+01
-3.006139564514160156e+01
-3.350792312622070312e+01
-3.465676879882812500e+01
-3.561413574218750000e+01
-3.465676879882812500e+01
-3.542266464233398438e+01
-3.685871887207031250e+01
-4.135835266113281250e+01
-4.643241119384765625e+01
-4.212424850463867188e+01
-3.695445251464843750e+01
-3.255055618286132812e+01
-2.450865364074707031e+01
-1.828575325012207031e+01
-1.694543647766113281e+01
-1.359464359283447266e+01
-4.116687774658203125e+00
-3.159318685531616211e+00
-3.063581705093383789e+00
-4.978320121765136719e+00
-3.733740091323852539e+00
-7.084532737731933594e+00
-7.084532737731933594e+00
-3.733740091323852539e+00
-6.510111331939697266e+00
-3.829477071762084961e+00
-4.116687774658203125e+00
-6.127163410186767578e+00
-1.244580030441284180e+00
-1.436053872108459473e+00
-7.946165084838867188e+00
-6.414374351501464844e+00
-4.595372676849365234e+00
-4.020950794219970703e+00
5.169794082641601562e+00
1.053106212615966797e+01
1.493496036529541016e+01
1.953033256530761719e+01
2.144507217407226562e+01
2.460439109802246094e+01
2.604044532775878906e+01
2.383849525451660156e+01
2.268965148925781250e+01
2.106212425231933594e+01
2.115786170959472656e+01
1.713690948486328125e+01
1.330743312835693359e+01
8.424849510192871094e+00
4.308161735534667969e+00
4.595372676849365234e+00
5.935689449310302734e+00
9.190745353698730469e+00
1.167990493774414062e+01
1.072253608703613281e+01
9.573693275451660156e+00
1.120122051239013672e+01
1.244580078125000000e+01
1.254153728485107422e+01
1.416906547546386719e+01
1.436053943634033203e+01
1.062679862976074219e+01
1.167990493774414062e+01
8.520586967468261719e+00
3.638003349304199219e+00
-1.819001674652099609e+00
8.616323471069335938e-01
-5.361268043518066406e+00
-9.286481857299804688e+00
-1.110548400878906250e+01
-1.215859031677246094e+01
-1.656248855590820312e+01
-1.732838439941406250e+01
-1.742412185668945312e+01
-1.943459701538085938e+01
-1.215859031677246094e+01
-8.233375549316406250e+00
-7.754691123962402344e+00
-5.552742004394531250e+00
-8.999271392822265625e+00
-9.286481857299804688e+00
-8.616323471069335938e+00
-1.100974655151367188e+01
-1.550938224792480469e+01
-1.378611755371093750e+01
-1.378611755371093750e+01
-1.024385166168212891e+01
-7.371743679046630859e+00
-9.190745353698730469e+00
-6.605847835540771484e+00
-3.063581705093383789e+00
-8.616323471069335938e-01
1.053106188774108887e+00
7.084532737731933594e+00
7.850428104400634766e+00
5.361268043518066406e+00
1.531790852546691895e+00
-2.872107744216918945e+00
-2.393423318862915039e+00
-4.691109657287597656e+00
-6.797321796417236328e+00
-1.120122051239013672e+01
-1.206285285949707031e+01
-1.646675109863281250e+01
-2.096638679504394531e+01
-2.106212425231933594e+01
-2.144507217407226562e+01
-2.240244102478027344e+01
-1.857296371459960938e+01
-1.445627593994140625e+01
-1.120122051239013672e+01
-8.903533935546875000e+00
-7.850428104400634766e+00
-6.222900390625000000e+00
-4.691109657287597656e+00
3.829477131366729736e-01
-2.106212377548217773e+00
1.436053872108459473e+00
4.691109657287597656e+00
5.744215488433837891e+00
4.212424755096435547e+00
5.648478984832763672e+00
4.499635696411132812e+00
3.733740091323852539e+00
-9.573692679405212402e-01
-2.489160060882568359e+00
9.573692679405212402e-01
3.733740091323852539e+00
5.744215488433837891e+00
7.946165084838867188e+00
1.072253608703613281e+01
8.424849510192871094e+00
6.893058776855468750e+00
1.206285285949707031e+01
1.751985740661621094e+01
2.029622840881347656e+01
2.546602249145507812e+01
2.651912879943847656e+01
2.967844772338867188e+01
3.082729148864746094e+01
3.073155403137207031e+01
2.967844772338867188e+01
2.575323295593261719e+01
2.910402679443359375e+01
2.881681632995605469e+01
2.699781417846679688e+01
2.728502464294433594e+01
2.508307456970214844e+01
2.623191833496093750e+01
2.431718063354492188e+01
2.594470787048339844e+01
2.058343887329101562e+01
1.646675109863281250e+01
2.125359725952148438e+01
2.029622840881347656e+01
2.058343887329101562e+01
1.541364574432373047e+01
1.972180747985839844e+01
2.163654518127441406e+01
1.914738655090332031e+01
1.043532562255859375e+01
2.201949357986450195e+00
1.436053872108459473e+00
3.829477131366729736e-01
-9.573692828416824341e-02
2.872107923030853271e-01
1.914738565683364868e-01
-7.658954262733459473e-01
-2.297686338424682617e+00
-1.053106188774108887e+00
-2.489160060882568359e+00
-6.701585054397583008e-01
0.000000000000000000e+00
1.340317010879516602e+00
5.744215488433837891e+00
5.935689449310302734e+00
7.658954143524169922e+00
9.860903739929199219e+00
1.340316963195800781e+01
1.761559486389160156e+01
2.268965148925781250e+01
2.824239349365234375e+01
2.776371002197265625e+01
3.350792312622070312e+01
3.331645202636718750e+01
3.111450195312500000e+01
2.910402679443359375e+01
2.910402679443359375e+01
3.054008102416992188e+01
2.958271026611328125e+01
2.967844772338867188e+01
2.441291618347167969e+01
2.297686195373535156e+01
2.221096801757812500e+01
2.374275779724121094e+01
2.307259941101074219e+01
2.163654518127441406e+01
1.933885955810546875e+01
1.723264694213867188e+01
1.608380317687988281e+01
2.393423271179199219e+01
2.201949310302734375e+01
2.498733901977539062e+01
2.824239349365234375e+01
2.134933471679687500e+01
1.866870117187500000e+01
1.905164909362792969e+01
1.560511970520019531e+01
1.464774990081787109e+01
9.477955818176269531e+00
5.552742004394531250e+00
6.318637371063232422e+00
5.648478984832763672e+00
-1.148843169212341309e+00
-6.701584815979003906e+00
-1.014811420440673828e+01
-1.148843097686767578e+01
-1.321169567108154297e+01
-1.215859031677246094e+01
-8.041901588439941406e+00
-6.127163410186767578e+00
-2.297686338424682617e+00
-1.340317010879516602e+00
-3.255055665969848633e+00
-1.914738565683364868e-01
-1.914738535881042480e+00
3.350792407989501953e+00
5.648478984832763672e+00
6.605847835540771484e+00
-2.872107923030853271e-01
-1.627527832984924316e+00
-1.148843169212341309e+00
3.733740091323852539e+00
5.169794082641601562e+00
7.563217163085937500e+00
6.893058776855468750e+00
4.978320121765136719e+00
5.361268043518066406e+00
5.074057102203369141e+00
5.935689449310302734e+00
2.106212377548217773e+00
-3.733740091323852539e+00
-3.159318685531616211e+00
-5.744215488433837891e+00
-5.839952468872070312e+00
-1.215859031677246094e+01
-8.137639045715332031e+00
-3.255055665969848633e+00
-2.393423318862915039e+00
-1.340317010879516602e+00
-2.680634021759033203e+00
-9.286481857299804688e+00
-1.321169567108154297e+01
-1.522217178344726562e+01
-1.589233016967773438e+01
-2.154080963134765625e+01
-1.751985740661621094e+01
-1.665822601318359375e+01
-2.000901794433593750e+01
-1.924312210083007812e+01
-2.173228263854980469e+01
-2.651912879943847656e+01
-2.527454948425292969e+01
-2.230670356750488281e+01
-2.259391593933105469e+01
-2.125359725952148438e+01
-2.374275779724121094e+01
-2.575323295593261719e+01
-2.881681632995605469e+01
-3.121023941040039062e+01
-3.408234786987304688e+01
-3.561413574218750000e+01
-3.561413574218750000e+01
-3.628429412841796875e+01
-2.862534141540527344e+01
-2.326407432556152344e+01
-2.249817848205566406e+01
-2.096638679504394531e+01
-1.905164909362792969e+01
-1.608380317687988281e+01
-1.483922386169433594e+01
-1.187137889862060547e+01
-1.598806667327880859e+01
-1.780706787109375000e+01
-1.857296371459960938e+01
-1.742412185668945312e+01
-1.292448520660400391e+01
-1.024385166168212891e+01
-7.563217163085937500e+00
-3.733740091323852539e+00
-6.222900390625000000e+00
-9.095007896423339844e+00
-8.616323471069335938e+00
-4.882583141326904297e+00
-5.648478984832763672e+00
-3.638003349304199219e+00
-2.010475397109985352e+00
-2.872107923030853271e-01
1.340317010879516602e+00
2.393423318862915039e+00
5.361268043518066406e+00
9.382219314575195312e+00
1.196711635589599609e+01
1.177564239501953125e+01
1.167990493774414062e+01
1.416906547546386719e+01
1.924312210083007812e+01
1.905164909362792969e+01
1.512643432617187500e+01
1.847722625732421875e+01
1.799854278564453125e+01
1.617954063415527344e+01
1.196711635589599609e+01
1.129695796966552734e+01
9.765166282653808594e+00
1.139269447326660156e+01
1.321169567108154297e+01
2.278538894653320312e+01
2.125359725952148438e+01
1.876443862915039062e+01
2.000901794433593750e+01
1.598806667327880859e+01
1.608380317687988281e+01
1.675396156311035156e+01
1.225432682037353516e+01
1.110548400878906250e+01
1.158416843414306641e+01
1.235006332397460938e+01
1.110548400878906250e+01
1.311595916748046875e+01
2.096638679504394531e+01
2.201949310302734375e+01
2.096638679504394531e+01
2.201949310302734375e+01
2.221096801757812500e+01
1.972180747985839844e+01
1.436053943634033203e+01
1.005237770080566406e+01
3.638003349304199219e+00
-1.340317010879516602e+00
-7.180269718170166016e+00
-8.424849510192871094e+00
-8.616323471069335938e+00
-9.095007896423339844e+00
-4.786846637725830078e+00
-4.882583141326904297e+00
-3.446529388427734375e+00
9.573692828416824341e-02
7.658954262733459473e-01
2.201949357986450195e+00
2.872107923030853271e-01
2.010475397109985352e+00
-1.053106188774108887e+00
-3.638003349304199219e+00
-1.014811420440673828e+01
-1.043532562255859375e+01
-1.158416843414306641e+01
-1.455201339721679688e+01
-1.014811420440673828e+01
-9.765166282653808594e+00
-1.005237770080566406e+01
-7.754691123962402344e+00
-3.255055665969848633e+00
-2.872107923030853271e-01
2.967844724655151367e+00
5.074057102203369141e+00
9.573693275451660156e+00
5.169794082641601562e+00
1.148843169212341309e+00
2.967844724655151367e+00
1.531790852546691895e+00
-2.584897041320800781e+00
-2.584897041320800781e+00
-4.786846339702606201e-01
-2.489160060882568359e+00
-4.212424755096435547e+00
-5.744215488433837891e+00
-7.467480182647705078e+00
-8.520586967468261719e+00
-8.616323471069335938e+00
-1.139269447326660156e+01
-1.033958816528320312e+01
-1.455201339721679688e+01
-1.541364574432373047e+01
-1.780706787109375000e+01
-1.771133232116699219e+01
-1.924312210083007812e+01
-2.182802009582519531e+01
-2.067917633056640625e+01
-2.096638679504394531e+01
-2.326407432556152344e+01
-2.221096801757812500e+01
-2.441291618347167969e+01
-2.010475540161132812e+01
-1.771133232116699219e+01
-2.000901794433593750e+01
-2.173228263854980469e+01
-1.924312210083007812e+01
-2.106212425231933594e+01
-1.522217178344726562e+01
-1.732838439941406250e+01
-1.771133232116699219e+01
-1.464774990081787109e+01
-1.244580078125000000e+01
-1.684969902038574219e+01
-1.522217178344726562e+01
-1.503069782257080078e+01
-1.292448520660400391e+01
-1.455201339721679688e+01
-1.244580078125000000e+01
-1.043532562255859375e+01
-8.329113006591796875e+00
-1.263727474212646484e+01
-1.321169567108154297e+01
-1.550938224792480469e+01
-1.895591163635253906e+01
-2.383849525451660156e+01
-2.651912879943847656e+01
-2.527454948425292969e+01
-2.345554733276367188e+01
-2.154080963134765625e+01
-1.933885955810546875e+01
-1.426480197906494141e+01
-1.340316963195800781e+01
-1.129695796966552734e+01
-1.273301124572753906e+01
-1.091401004791259766e+01
-1.244580078125000000e+01
-7.276006698608398438e+00
-6.797321796417236328e+00
-9.286481857299804688e+00
-1.158416843414306641e+01
-8.999271392822265625e+00
-8.999271392822265625e+00
-3.829477071762084961e+00
-6.701585054397583008e-01
-3.829477131366729736e-01
-2.010475397109985352e+00
-6.701584815979003906e+00
-6.797321796417236328e+00
-5.457005023956298828e+00
-8.329113006591796875e+00
-8.041901588439941406e+00
-8.137639045715332031e+00
-9.956640243530273438e+00
-1.177564239501953125e+01
-1.369038105010986328e+01
-1.321169567108154297e+01
-2.163654518127441406e+01
-2.240244102478027344e+01
-2.221096801757812500e+01
-2.182802009582519531e+01
-1.991328048706054688e+01
-2.058343887329101562e+01
-2.087065124511718750e+01
-1.684969902038574219e+01
-1.704117393493652344e+01
-1.799854278564453125e+01
-2.134933471679687500e+01
-2.163654518127441406e+01
-1.991328048706054688e+01
-1.981754493713378906e+01
-7.084532737731933594e+00
-2.297686338424682617e+00
3.063581705093383789e+00
5.074057102203369141e+00
4.212424755096435547e+00
1.100974655151367188e+01
1.359464359283447266e+01
1.311595916748046875e+01
1.474348735809326172e+01
1.905164909362792969e+01
2.154080963134765625e+01
2.106212425231933594e+01
2.345554733276367188e+01
2.364702033996582031e+01
2.000901794433593750e+01
1.991328048706054688e+01
1.838149070739746094e+01
1.455201339721679688e+01
1.302022266387939453e+01
1.378611755371093750e+01
1.436053943634033203e+01
1.225432682037353516e+01
1.072253608703613281e+01
8.712060928344726562e+00
1.024385166168212891e+01
1.177564239501953125e+01
1.416906547546386719e+01
9.669429779052734375e+00
1.359464359283447266e+01
1.541364574432373047e+01
1.761559486389160156e+01
1.828575325012207031e+01
1.886017417907714844e+01
2.307259941101074219e+01
2.077491378784179688e+01
1.627527809143066406e+01
1.589233016967773438e+01
1.330743312835693359e+01
1.053106212615966797e+01
1.282874870300292969e+01
1.014811420440673828e+01
2.872107744216918945e+00
7.658954262733459473e-01
8.616323471069335938e-01
2.201949357986450195e+00
1.819001674652099609e+00
2.776371002197265625e+00
6.988795757293701172e+00
6.797321796417236328e+00
2.967844724655151367e+00
-9.573692828416824341e-02
-1.627527832984924316e+00
-4.978320121765136719e+00
-8.616323471069335938e+00
-1.100974655151367188e+01
-1.493496036529541016e+01
-1.483922386169433594e+01
-1.407332801818847656e+01
-1.474348735809326172e+01
-1.235006332397460938e+01
-9.190745353698730469e+00
-1.148843097686767578e+01
-1.579659271240234375e+01
-1.254153728485107422e+01
-1.167990493774414062e+01
-9.669429779052734375e+00
-6.318637371063232422e+00
-4.403898715972900391e+00
-5.744215488433837891e+00
-6.318637371063232422e+00
-4.308161735534667969e+00
-1.081827259063720703e+01
-1.072253608703613281e+01
-9.669429779052734375e+00
-9.477955818176269531e+00
-7.180269718170166016e+00
-5.839952468872070312e+00
-1.062679862976074219e+01
-6.988795757293701172e+00
-8.041901588439941406e+00
-6.605847835540771484e+00
-2.489160060882568359e+00
1.148843169212341309e+00
5.361268043518066406e+00
4.786846637725830078e+00
9.095007896423339844e+00
1.445627593994140625e+01
1.675396156311035156e+01
1.790280532836914062e+01
1.953033256530761719e+01
2.000901794433593750e+01
1.905164909362792969e+01
1.761559486389160156e+01
1.273301124572753906e+01
1.167990493774414062e+01
1.282874870300292969e+01
1.062679862976074219e+01
1.177564239501953125e+01
1.330743312835693359e+01
1.637101554870605469e+01
1.455201339721679688e+01
1.426480197906494141e+01
1.694543647766113281e+01
1.981754493713378906e+01
2.374275779724121094e+01
2.450865364074707031e+01
2.230670356750488281e+01
1.943459701538085938e+01
2.020049095153808594e+01
1.761559486389160156e+01
1.541364574432373047e+01
1.675396156311035156e+01
1.924312210083007812e+01
1.799854278564453125e+01
2.020049095153808594e+01
2.268965148925781250e+01
2.594470787048339844e+01
2.680633926391601562e+01
3.140171241760253906e+01
3.705018997192382812e+01
3.925214004516601562e+01
3.628429412841796875e+01
3.456103134155273438e+01
3.475250625610351562e+01
4.221998596191406250e+01
4.183703613281250000e+01
3.906066513061523438e+01
3.800756072998046875e+01
3.628429412841796875e+01
3.638003158569335938e+01
4.212424850463867188e+01
3.858198165893554688e+01
3.590134811401367188e+01
2.862534141540527344e+01
1.895591163635253906e+01
1.704117393493652344e+01
1.292448520660400391e+01
1.388185501098632812e+01
1.684969902038574219e+01
1.541364574432373047e+01
1.369038105010986328e+01
1.158416843414306641e+01
8.903533935546875000e+00
8.137639045715332031e+00
4.691109657287597656e+00
-2.584897041320800781e+00
-5.839952468872070312e+00
-1.005237770080566406e+01
-1.081827259063720703e+01
-1.254153728485107422e+01
-1.886017417907714844e+01
-1.943459701538085938e+01
-1.799854278564453125e+01
-1.895591163635253906e+01
-1.244580078125000000e+01
-1.273301124572753906e+01
-9.095007896423339844e+00
-7.658954143524169922e+00
-1.120122051239013672e+01
-1.196711635589599609e+01
-8.999271392822265625e+00
-1.129695796966552734e+01
-1.254153728485107422e+01
-1.321169567108154297e+01
-1.742412185668945312e+01
-2.106212425231933594e+01
-2.125359725952148438e+01
-1.962607002258300781e+01
-2.393423271179199219e+01
-2.785944557189941406e+01
-2.738076210021972656e+01
-2.958271026611328125e+01
-2.230670356750488281e+01
-2.307259941101074219e+01
-1.857296371459960938e+01
-1.684969902038574219e+01
-1.924312210083007812e+01
-2.125359725952148438e+01
-2.604044532775878906e+01
-3.101876449584960938e+01
-3.915640258789062500e+01
-4.547504043579101562e+01
-4.317735290527343750e+01
-3.848624420166015625e+01
-3.733740234375000000e+01
-3.934787750244140625e+01
-3.216760635375976562e+01
-2.661486625671386719e+01
-2.182802009582519531e+01
-1.483922386169433594e+01
-1.579659271240234375e+01
-1.043532562255859375e+01
-6.031426429748535156e+00
-4.691109657287597656e+00
-9.190745353698730469e+00
-1.493496036529541016e+01
-1.445627593994140625e+01
-1.550938224792480469e+01
-1.771133232116699219e+01
-1.541364574432373047e+01
-6.605847835540771484e+00
-4.691109657287597656e+00
-3.159318685531616211e+00
2.680634021759033203e+00
7.946165084838867188e+00
1.445627593994140625e+01
1.302022266387939453e+01
1.177564239501953125e+01
1.139269447326660156e+01
4.308161735534667969e+00
-4.978320121765136719e+00
-1.196711635589599609e+01
-1.215859031677246094e+01
-1.436053943634033203e+01
-1.493496036529541016e+01
-8.520586967468261719e+00
-3.829477071762084961e+00
5.744215488433837891e+00
1.665822601318359375e+01
1.780706787109375000e+01
2.374275779724121094e+01
2.201949310302734375e+01
2.575323295593261719e+01
2.431718063354492188e+01
2.211523056030273438e+01
1.282874870300292969e+01
1.436053872108459473e+00
-8.520586967468261719e+00
-1.742412185668945312e+01
-2.594470787048339844e+01
-3.216760635375976562e+01
-2.919976234436035156e+01
-2.029622840881347656e+01
-9.477955818176269531e+00
-2.297686338424682617e+00
4.786846339702606201e-01
3.446529388427734375e+00
4.978320121765136719e+00
1.244580030441284180e+00
-4.786846339702606201e-01
-5.361268043518066406e+00
-1.110548400878906250e+01
-1.924312210083007812e+01
-2.680633926391601562e+01
-3.341218948364257812e+01
-3.733740234375000000e+01
-3.752887725830078125e+01
-3.149744987487792969e+01
-2.785944557189941406e+01
-1.292448520660400391e+01
-9.095007896423339844e+00
0.000000000000000000e+00
2.680634021759033203e+00
8.616323471069335938e-01
2.201949357986450195e+00
-3.446529388427734375e+00
-9.382219314575195312e+00
-1.254153728485107422e+01
-2.000901794433593750e+01
-3.111450195312500000e+01
-3.542266464233398438e+01
-3.551840209960937500e+01
-2.967844772338867188e+01
-1.914738655090332031e+01
-8.999271392822265625e+00
3.446529388427734375e+00
1.148843097686767578e+01
1.742412185668945312e+01
2.192375564575195312e+01
2.000901794433593750e+01
1.541364574432373047e+01
1.225432682037353516e+01
8.807797431945800781e+00
-3.638003349304199219e+00
-1.972180747985839844e+01
-2.939123725891113281e+01
-3.331645202636718750e+01
-3.121023941040039062e+01
-2.833813095092773438e+01
-2.163654518127441406e+01
-1.024385166168212891e+01
-7.658954262733459473e-01
7.563217163085937500e+00
1.694543647766113281e+01
2.096638679504394531e+01
2.383849525451660156e+01
2.115786170959472656e+01
1.273301124572753906e+01
3.350792407989501953e+00
-9.669429779052734375e+00
-2.077491378784179688e+01
-2.900828933715820312e+01
-3.312497711181640625e+01
-3.054008102416992188e+01
-2.144507217407226562e+01
-9.956640243530273438e+00
2.201949357986450195e+00
1.397759151458740234e+01
2.824239349365234375e+01
3.465676879882812500e+01
3.752887725830078125e+01
4.279440689086914062e+01
3.791182327270507812e+01
2.575323295593261719e+01
1.531790828704833984e+01
2.776371002197265625e+00
-8.999271392822265625e+00
-2.077491378784179688e+01
-2.537028694152832031e+01
-2.929549980163574219e+01
-2.115786170959472656e+01
-9.286481857299804688e+00
7.084532737731933594e+00
1.455201339721679688e+01
2.307259941101074219e+01
2.795518302917480469e+01
2.881681632995605469e+01
2.355128479003906250e+01
1.455201339721679688e+01
5.935689449310302734e+00
-1.627527832984924316e+00
-9.190745353698730469e+00
-1.637101554870605469e+01
-2.508307456970214844e+01
-3.159318542480468750e+01
-3.111450195312500000e+01
-3.216760635375976562e+01
-2.479586410522460938e+01
-1.761559486389160156e+01
-1.254153728485107422e+01
-8.903533935546875000e+00
-1.139269447326660156e+01
-1.560511970520019531e+01
-1.694543647766113281e+01
-2.201949310302734375e+01
-2.527454948425292969e+01
-3.427381896972656250e+01
-4.193277359008789062e+01
-4.557077789306640625e+01
-4.375177764892578125e+01
-3.714592742919921875e+01
-2.757223510742187500e+01
-2.450865364074707031e+01
-2.192375564575195312e+01
-1.187137889862060547e+01
-4.499635696411132812e+00
-4.882583141326904297e+00
-1.397759151458740234e+01
-1.474348735809326172e+01
-1.819001579284667969e+01
-1.397759151458740234e+01
-6.893058776855468750e+00
-1.005237770080566406e+01
-6.414374351501464844e+00
-6.031426429748535156e+00
-3.159318685531616211e+00
1.148843169212341309e+00
2.106212377548217773e+00
-3.159318685531616211e+00
-3.446529388427734375e+00
-4.595372676849365234e+00
-1.244580030441284180e+00
-2.489160060882568359e+00
-6.893058776855468750e+00
-6.893058776855468750e+00
-8.903533935546875000e+00
-9.860903739929199219e+00
-1.129695796966552734e+01
-6.510111331939697266e+00
-2.010475397109985352e+00
4.882583141326904297e+00
1.043532562255859375e+01
1.426480197906494141e+01
1.617954063415527344e+01
1.665822601318359375e+01
1.397759151458740234e+01
1.167990493774414062e+01
1.158416843414306641e+01
8.041901588439941406e+00
5.839952468872070312e+00
2.872107744216918945e+00
0.000000000000000000e+00
1.723264694213867188e+00
-1.627527832984924316e+00
4.786846637725830078e+00
1.273301124572753906e+01
1.129695796966552734e+01
1.426480197906494141e+01
2.058343887329101562e+01
2.699781417846679688e+01
3.149744987487792969e+01
3.456103134155273438e+01
3.446529388427734375e+01
3.025286865234375000e+01
2.833813095092773438e+01
2.556175994873046875e+01
2.374275779724121094e+01
2.163654518127441406e+01
1.550938224792480469e+01
9.765166282653808594e+00
4.595372676849365234e+00
-3.542266368865966797e+00
-9.573693275451660156e+00
-9.190745353698730469e+00
-1.072253608703613281e+01
-6.605847835540771484e+00
-2.106212377548217773e+00
2.393423318862915039e+00
5.935689449310302734e+00
9.477955818176269531e+00
7.658954262733459473e-01
-3.925214052200317383e+00
-5.074057102203369141e+00
-1.196711635589599609e+01
-1.053106212615966797e+01
-1.637101554870605469e+01
-1.972180747985839844e+01
-2.010475540161132812e+01
-2.833813095092773438e+01
-3.168892288208007812e+01
-3.408234786987304688e+01
-3.685871887207031250e+01
-3.867771911621093750e+01
-3.590134811401367188e+01
-3.580561065673828125e+01
-3.657150650024414062e+01
-3.724166488647460938e+01
-4.116687774658203125e+01
-3.724166488647460938e+01
-3.638003158569335938e+01
-4.384751129150390625e+01
-5.227236175537109375e+01
-5.121925735473632812e+01
-5.351694107055664062e+01
-5.935689544677734375e+01
-6.098442459106445312e+01
-6.251621246337890625e+01
-6.002705383300781250e+01
-5.705920791625976562e+01
-5.830379104614257812e+01
-5.839952468872070312e+01
-5.926115798950195312e+01
-5.198515319824218750e+01
-4.691109466552734375e+01
-4.681535720825195312e+01
-4.528356552124023438e+01
-4.375177764892578125e+01
-4.087966918945312500e+01
-3.638003158569335938e+01
-3.130597496032714844e+01
-2.805092048645019531e+01
-2.919976234436035156e+01
-3.456103134155273438e+01
-4.336882781982421875e+01
-4.317735290527343750e+01
-4.652814865112304688e+01
-4.700683212280273438e+01
-5.093204498291015625e+01
-5.303825759887695312e+01
-4.557077789306640625e+01
-4.269866943359375000e+01
-3.906066513061523438e+01
-3.618856048583984375e+01
-3.705018997192382812e+01
-3.255055618286132812e+01
-3.312497711181640625e+01
-3.073155403137207031e+01
-3.130597496032714844e+01
-3.264629364013671875e+01
-3.149744987487792969e+01
-3.398661041259765625e+01
-3.417808151245117188e+01
-3.063581657409667969e+01
-2.690207672119140625e+01
-2.335980987548828125e+01
-2.537028694152832031e+01
-2.661486625671386719e+01
-2.240244102478027344e+01
-2.565749740600585938e+01
-2.115786170959472656e+01
-1.780706787109375000e+01
-1.244580078125000000e+01
-7.850428104400634766e+00
-3.733740091323852539e+00
-2.297686338424682617e+00
2.776371002197265625e+00
5.552742004394531250e+00
7.658954143524169922e+00
1.215859031677246094e+01
1.215859031677246094e+01
5.457005023956298828e+00
8.616323471069335938e-01
1.148843169212341309e+00
2.680634021759033203e+00
3.542266368865966797e+00
-1.053106188774108887e+00
-9.573692828416824341e-02
5.744215846061706543e-01
2.967844724655151367e+00
1.914738565683364868e-01
9.573692679405212402e-01
-1.819001674652099609e+00
-1.436053872108459473e+00
3.925214052200317383e+00
5.839952468872070312e+00
5.648478984832763672e+00
2.872107744216918945e+00
1.819001674652099609e+00
3.925214052200317383e+00
2.010475397109985352e+00
-3.542266368865966797e+00
-3.925214052200317383e+00
-7.754691123962402344e+00
-2.584897041320800781e+00
-4.499635696411132812e+00
-1.723264694213867188e+00
1.148843169212341309e+00
5.839952468872070312e+00
7.467480182647705078e+00
1.302022266387939453e+01
1.091401004791259766e+01
1.033958816528320312e+01
8.999271392822265625e+00
1.723264694213867188e+01
1.656248855590820312e+01
1.273301124572753906e+01
1.148843097686767578e+01
7.563217163085937500e+00
5.744215846061706543e-01
-1.914738535881042480e+00
-2.201949357986450195e+00
-4.403898715972900391e+00
-7.946165084838867188e+00
-1.100974655151367188e+01
-4.691109657287597656e+00
-7.658954262733459473e-01
3.255055665969848633e+00
2.297686338424682617e+00
2.489160060882568359e+00
3.159318685531616211e+00
2.776371002197265625e+00
7.371743679046630859e+00
6.414374351501464844e+00
6.893058776855468750e+00
3.063581705093383789e+00
2.776371002197265625e+00
-5.648478984832763672e+00
-1.024385166168212891e+01
-8.233375549316406250e+00
-9.573693275451660156e+00
-1.139269447326660156e+01
-8.999271392822265625e+00
-8.616323471069335938e+00
-9.477955818176269531e+00
-1.330743312835693359e+01
-1.388185501098632812e+01
-1.196711635589599609e+01
-9.669429779052734375e+00
-1.081827259063720703e+01
-8.137639045715332031e+00
-8.807797431945800781e+00
-4.403898715972900391e+00
-9.477955818176269531e+00
-1.139269447326660156e+01
-1.005237770080566406e+01
-1.120122051239013672e+01
-6.510111331939697266e+00
-3.733740091323852539e+00
-2.872107744216918945e+00
-4.499635696411132812e+00
-6.701585054397583008e-01
3.350792407989501953e+00
8.329113006591796875e+00
7.658954143524169922e+00
9.956640243530273438e+00
1.321169567108154297e+01
1.187137889862060547e+01
1.407332801818847656e+01
1.838149070739746094e+01
2.709355163574218750e+01
3.293350219726562500e+01
2.919976234436035156e+01
2.728502464294433594e+01
2.709355163574218750e+01
2.766797256469726562e+01
2.680633926391601562e+01
2.977418518066406250e+01
2.584897041320800781e+01
3.101876449584960938e+01
3.140171241760253906e+01
2.939123725891113281e+01
2.872107887268066406e+01
2.843386840820312500e+01
2.795518302917480469e+01
3.302923965454101562e+01
3.111450195312500000e+01
3.188039779663085938e+01
2.977418518066406250e+01
3.044434356689453125e+01
3.245481872558593750e+01
3.322071456909179688e+01
2.852960395812988281e+01
2.632765579223632812e+01
2.498733901977539062e+01
2.039196586608886719e+01
2.087065124511718750e+01
2.604044532775878906e+01
2.843386840820312500e+01
2.412570571899414062e+01
2.364702033996582031e+01
2.201949310302734375e+01
2.182802009582519531e+01
1.972180747985839844e+01
1.895591163635253906e+01
1.809428024291992188e+01
1.761559486389160156e+01
1.330743312835693359e+01
1.416906547546386719e+01
1.416906547546386719e+01
1.129695796966552734e+01
1.235006332397460938e+01
1.120122051239013672e+01
1.273301124572753906e+01
1.167990493774414062e+01
1.100974655151367188e+01
1.225432682037353516e+01
2.000901794433593750e+01
2.182802009582519531e+01
2.278538894653320312e+01
2.575323295593261719e+01
3.015713310241699219e+01
3.092302703857421875e+01
2.632765579223632812e+01
1.972180747985839844e+01
1.991328048706054688e+01
1.876443862915039062e+01
1.656248855590820312e+01
2.000901794433593750e+01
1.857296371459960938e+01
1.684969902038574219e+01
1.790280532836914062e+01
1.723264694213867188e+01
1.828575325012207031e+01
1.790280532836914062e+01
1.627527809143066406e+01
1.790280532836914062e+01
1.780706787109375000e+01
1.637101554870605469e+01
1.503069782257080078e+01
1.627527809143066406e+01
1.713690948486328125e+01
1.895591163635253906e+01
1.407332801818847656e+01
1.464774990081787109e+01
1.493496036529541016e+01
1.656248855590820312e+01
1.675396156311035156e+01
1.541364574432373047e+01
1.819001579284667969e+01
1.225432682037353516e+01
1.483922386169433594e+01
1.464774990081787109e+01
1.445627593994140625e+01
1.522217178344726562e+01
1.053106212615966797e+01
1.215859031677246094e+01
8.999271392822265625e+00
8.424849510192871094e+00
1.024385166168212891e+01
1.282874870300292969e+01
1.378611755371093750e+01
1.522217178344726562e+01
1.723264694213867188e+01
1.263727474212646484e+01
1.330743312835693359e+01
1.378611755371093750e+01
1.751985740661621094e+01
2.010475540161132812e+01
1.799854278564453125e+01
1.589233016967773438e+01
1.838149070739746094e+01
1.905164909362792969e+01
1.943459701538085938e+01
2.125359725952148438e+01
2.508307456970214844e+01
1.933885955810546875e+01
2.182802009582519531e+01
1.981754493713378906e+01
1.895591163635253906e+01
2.316833686828613281e+01
2.297686195373535156e+01
1.694543647766113281e+01
1.742412185668945312e+01
1.426480197906494141e+01
1.493496036529541016e+01
1.369038105010986328e+01
1.302022266387939453e+01
1.043532562255859375e+01
1.091401004791259766e+01
1.206285285949707031e+01
1.321169567108154297e+01
1.158416843414306641e+01
1.254153728485107422e+01
1.732838439941406250e+01
1.991328048706054688e+01
2.048770332336425781e+01
2.077491378784179688e+01
2.182802009582519531e+01
2.249817848205566406e+01
2.182802009582519531e+01
2.374275779724121094e+01
2.316833686828613281e+01
2.575323295593261719e+01
2.316833686828613281e+01
2.000901794433593750e+01
2.077491378784179688e+01
2.431718063354492188e+01
2.163654518127441406e+01
2.479586410522460938e+01
2.393423271179199219e+01
2.776371002197265625e+01
2.460439109802246094e+01
2.364702033996582031e+01
2.891255187988281250e+01
2.594470787048339844e+01
2.144507217407226562e+01
2.278538894653320312e+01
2.431718063354492188e+01
2.422144317626953125e+01
1.799854278564453125e+01
1.340316963195800781e+01
1.570085620880126953e+01
1.761559486389160156e+01
1.416906547546386719e+01
1.311595916748046875e+01
8.807797431945800781e+00
9.573693275451660156e+00
6.797321796417236328e+00
6.797321796417236328e+00
2.010475397109985352e+00
-3.829477131366729736e-01
-3.446529388427734375e+00
-1.819001674652099609e+00
-2.680634021759033203e+00
8.616323471069335938e-01
4.595372676849365234e+00
6.701585054397583008e-01
4.499635696411132812e+00
4.786846637725830078e+00
7.754691123962402344e+00
1.369038105010986328e+01
1.120122051239013672e+01
1.196711635589599609e+01
1.139269447326660156e+01
1.196711635589599609e+01
7.276006698608398438e+00
7.084532737731933594e+00
7.754691123962402344e+00
1.196711635589599609e+01
1.005237770080566406e+01
1.091401004791259766e+01
1.378611755371093750e+01
1.187137889862060547e+01
1.330743312835693359e+01
1.407332801818847656e+01
2.115786170959472656e+01
1.895591163635253906e+01
1.656248855590820312e+01
1.388185501098632812e+01
7.276006698608398438e+00
1.340317010879516602e+00
-1.053106188774108887e+00
-2.872107744216918945e+00
-1.914738565683364868e-01
2.872107744216918945e+00
6.797321796417236328e+00
7.946165084838867188e+00
7.563217163085937500e+00
6.797321796417236328e+00
9.669429779052734375e+00
8.137639045715332031e+00
6.701584815979003906e+00
8.616323471069335938e+00
9.765166282653808594e+00
1.302022266387939453e+01
1.493496036529541016e+01
1.579659271240234375e+01
1.857296371459960938e+01
2.096638679504394531e+01
1.943459701538085938e+01
1.838149070739746094e+01
1.895591163635253906e+01
2.364702033996582031e+01
2.067917633056640625e+01
1.953033256530761719e+01
1.838149070739746094e+01
1.991328048706054688e+01
1.771133232116699219e+01
1.656248855590820312e+01
1.819001579284667969e+01
1.407332801818847656e+01
1.972180747985839844e+01
1.962607002258300781e+01
1.723264694213867188e+01
1.330743312835693359e+01
7.754691123962402344e+00
5.361268043518066406e+00
2.393423318862915039e+00
2.393423318862915039e+00
3.255055665969848633e+00
2.010475397109985352e+00
2.584897041320800781e+00
4.595372676849365234e+00
-3.159318685531616211e+00
-3.925214052200317383e+00
-4.116687774658203125e+00
-6.127163410186767578e+00
-7.754691123962402344e+00
-8.999271392822265625e+00
-1.129695796966552734e+01
-1.282874870300292969e+01
-1.723264694213867188e+01
-9.765166282653808594e+00
-8.329113006591796875e+00
-1.167990493774414062e+01
-1.206285285949707031e+01
-5.839952468872070312e+00
-9.573692679405212402e-01
4.786846339702606201e-01
9.573692679405212402e-01
2.297686338424682617e+00
3.925214052200317383e+00
5.744215488433837891e+00
5.744215488433837891e+00
7.084532737731933594e+00
1.579659271240234375e+01
1.608380317687988281e+01
1.617954063415527344e+01
1.072253608703613281e+01
8.520586967468261719e+00
9.573693275451660156e+00
1.589233016967773438e+01
1.225432682037353516e+01
1.158416843414306641e+01
1.148843097686767578e+01
9.477955818176269531e+00
8.903533935546875000e+00
1.053106212615966797e+01
1.062679862976074219e+01
7.754691123962402344e+00
9.765166282653808594e+00
1.388185501098632812e+01
1.627527809143066406e+01
1.330743312835693359e+01
1.177564239501953125e+01
1.292448520660400391e+01
1.579659271240234375e+01
1.704117393493652344e+01
1.483922386169433594e+01
1.005237770080566406e+01
5.265531063079833984e+00
5.361268043518066406e+00
3.350792407989501953e+00
1.340317010879516602e+00
2.872107923030853271e-01
-1.914738535881042480e+00
-2.010475397109985352e+00
-9.286481857299804688e+00
-1.311595916748046875e+01
-7.754691123962402344e+00
-8.903533935546875000e+00
-1.359464359283447266e+01
-1.589233016967773438e+01
-1.273301124572753906e+01
-1.790280532836914062e+01
-1.646675109863281250e+01
-1.751985740661621094e+01
-1.579659271240234375e+01
-1.684969902038574219e+01
-1.474348735809326172e+01
-1.416906547546386719e+01
-1.483922386169433594e+01
-1.704117393493652344e+01
-1.560511970520019531e+01
-1.474348735809326172e+01
-1.809428024291992188e+01
-1.828575325012207031e+01
-1.627527809143066406e+01
-1.436053943634033203e+01
-1.522217178344726562e+01
-1.043532562255859375e+01
-9.956640243530273438e+00
-1.656248855590820312e+01
-1.953033256530761719e+01
-1.953033256530761719e+01
-1.914738655090332031e+01
-1.627527809143066406e+01
-8.233375549316406250e+00
-5.457005023956298828e+00
-9.573692679405212402e-01
-1.244580030441284180e+00
-2.010475397109985352e+00
-1.819001674652099609e+00
-8.616323471069335938e-01
-4.786846339702606201e-01
-2.680634021759033203e+00
-6.893058776855468750e+00
-6.414374351501464844e+00
-8.424849510192871094e+00
-5.744215488433837891e+00
-5.552742004394531250e+00
-5.169794082641601562e+00
-5.744215488433837891e+00
-5.457005023956298828e+00
-4.403898715972900391e+00
3.063581705093383789e+00
2.201949357986450195e+00
7.658954262733459473e-01
2.489160060882568359e+00
3.733740091323852539e+00
1.062679862976074219e+01
8.041901588439941406e+00
7.658954143524169922e+00
3.638003349304199219e+00
5.265531063079833984e+00
3.159318685531616211e+00
2.393423318862915039e+00
-1.053106188774108887e+00
2.680634021759033203e+00
3.159318685531616211e+00
4.403898715972900391e+00
0.000000000000000000e+00
-2.680634021759033203e+00
-1.723264694213867188e+00
-2.776371002197265625e+00
-1.244580030441284180e+00
-7.371743679046630859e+00
-3.255055665969848633e+00
-3.446529388427734375e+00
-4.499635696411132812e+00
-1.081827259063720703e+01
-1.263727474212646484e+01
-9.956640243530273438e+00
-1.359464359283447266e+01
-1.110548400878906250e+01
-1.120122051239013672e+01
-9.286481857299804688e+00
-6.031426429748535156e+00
-4.116687774658203125e+00
-5.552742004394531250e+00
-6.031426429748535156e+00
-3.350792407989501953e+00
-5.169794082641601562e+00
-1.024385166168212891e+01
-1.148843097686767578e+01
-1.340316963195800781e+01
-1.158416843414306641e+01
-6.222900390625000000e+00
-2.776371002197265625e+00
-2.967844724655151367e+00
-4.499635696411132812e+00
-7.658954262733459473e-01
-5.361268043518066406e+00
-6.318637371063232422e+00
-5.361268043518066406e+00
-7.563217163085937500e+00
-9.477955818176269531e+00
-6.127163410186767578e+00
-3.350792407989501953e+00
-3.350792407989501953e+00
-5.552742004394531250e+00
-7.084532737731933594e+00
-7.850428104400634766e+00
-3.829477071762084961e+00
-8.424849510192871094e+00
-4.308161735534667969e+00
-3.350792407989501953e+00
-2.967844724655151367e+00
0.000000000000000000e+00
2.872107744216918945e+00
-5.744215846061706543e-01
6.127163410186767578e+00
1.062679862976074219e+01
1.292448520660400391e+01
1.302022266387939453e+01
1.024385166168212891e+01
8.616323471069335938e+00
1.043532562255859375e+01
1.369038105010986328e+01
9.860903739929199219e+00
6.414374351501464844e+00
8.520586967468261719e+00
9.286481857299804688e+00
1.349890708923339844e+01
1.790280532836914062e+01
1.751985740661621094e+01
1.617954063415527344e+01
1.665822601318359375e+01
1.732838439941406250e+01
1.665822601318359375e+01
1.627527809143066406e+01
1.215859031677246094e+01
1.081827259063720703e+01
8.520586967468261719e+00
1.014811420440673828e+01
1.024385166168212891e+01
8.807797431945800781e+00
9.190745353698730469e+00
8.807797431945800781e+00
7.467480182647705078e+00
6.988795757293701172e+00
7.563217163085937500e+00
5.169794082641601562e+00
6.510111331939697266e+00
4.308161735534667969e+00
3.733740091323852539e+00
5.744215488433837891e+00
8.712060928344726562e+00
9.956640243530273438e+00
9.573693275451660156e+00
7.563217163085937500e+00
2.967844724655151367e+00
-3.829477131366729736e-01
-1.148843169212341309e+00
5.361268043518066406e+00
7.276006698608398438e+00
7.467480182647705078e+00
6.318637371063232422e+00
8.424849510192871094e+00
1.167990493774414062e+01
8.712060928344726562e+00
6.414374351501464844e+00
8.329113006591796875e+00
1.302022266387939453e+01
1.254153728485107422e+01
1.167990493774414062e+01
1.129695796966552734e+01
1.177564239501953125e+01
1.254153728485107422e+01
1.091401004791259766e+01
9.190745353698730469e+00
7.754691123962402344e+00
3.255055665969848633e+00
1.340317010879516602e+00
6.893058776855468750e+00
9.382219314575195312e+00
1.282874870300292969e+01
1.550938224792480469e+01
1.464774990081787109e+01
1.369038105010986328e+01
1.378611755371093750e+01
1.158416843414306641e+01
1.206285285949707031e+01
1.598806667327880859e+01
1.589233016967773438e+01
1.780706787109375000e+01
1.895591163635253906e+01
1.704117393493652344e+01
1.598806667327880859e+01
1.742412185668945312e+01
1.866870117187500000e+01
1.962607002258300781e+01
2.508307456970214844e+01
2.575323295593261719e+01
2.393423271179199219e+01
1.981754493713378906e+01
2.134933471679687500e+01
2.642339134216308594e+01
2.335980987548828125e+01
2.642339134216308594e+01
2.460439109802246094e+01
2.288112640380859375e+01
2.259391593933105469e+01
1.876443862915039062e+01
2.738076210021972656e+01
3.006139564514160156e+01
2.986992073059082031e+01
2.891255187988281250e+01
3.025286865234375000e+01
2.307259941101074219e+01
2.393423271179199219e+01
2.805092048645019531e+01
3.178466033935546875e+01
3.561413574218750000e+01
3.436955642700195312e+01
3.235908126831054688e+01
3.216760635375976562e+01
2.872107887268066406e+01
2.805092048645019531e+01
2.642339134216308594e+01
2.374275779724121094e+01
1.933885955810546875e+01
1.646675109863281250e+01
1.819001579284667969e+01
1.589233016967773438e+01
1.914738655090332031e+01
1.713690948486328125e+01
1.196711635589599609e+01
7.371743679046630859e+00
6.414374351501464844e+00
4.691109657287597656e+00
-6.701585054397583008e-01
-5.552742004394531250e+00
-9.573693275451660156e+00
-1.254153728485107422e+01
-1.541364574432373047e+01
-1.608380317687988281e+01
-1.857296371459960938e+01
-1.541364574432373047e+01
-1.091401004791259766e+01
-1.684969902038574219e+01
-1.503069782257080078e+01
-1.799854278564453125e+01
-1.541364574432373047e+01
-1.426480197906494141e+01
-1.541364574432373047e+01
-1.838149070739746094e+01
-2.383849525451660156e+01
-1.847722625732421875e+01
-1.349890708923339844e+01
-1.215859031677246094e+01
-1.321169567108154297e+01
-1.148843097686767578e+01
-1.282874870300292969e+01
-6.222900390625000000e+00
-4.786846637725830078e+00
-4.786846637725830078e+00
-5.457005023956298828e+00
-6.318637371063232422e+00
-4.595372676849365234e+00
-5.457005023956298828e+00
-5.935689449310302734e+00
-7.563217163085937500e+00
-1.359464359283447266e+01
-1.694543647766113281e+01
-1.656248855590820312e+01
-1.579659271240234375e+01
-1.617954063415527344e+01
-7.467480182647705078e+00
-4.595372676849365234e+00
-7.084532737731933594e+00
-7.754691123962402344e+00
-6.701584815979003906e+00
-6.701585054397583008e-01
1.053106212615966797e+01
1.187137889862060547e+01
1.167990493774414062e+01
1.445627593994140625e+01
1.177564239501953125e+01
1.043532562255859375e+01
1.426480197906494141e+01
1.579659271240234375e+01
1.397759151458740234e+01
1.014811420440673828e+01
8.424849510192871094e+00
1.081827259063720703e+01
1.397759151458740234e+01
1.512643432617187500e+01
1.330743312835693359e+01
1.675396156311035156e+01
1.522217178344726562e+01
1.455201339721679688e+01
1.732838439941406250e+01
1.455201339721679688e+01
1.713690948486328125e+01
1.302022266387939453e+01
5.744215488433837891e+00
1.120122051239013672e+01
7.371743679046630859e+00
6.893058776855468750e+00
-3.829477131366729736e-01
1.914738565683364868e-01
-4.116687774658203125e+00
-4.116687774658203125e+00
-6.605847835540771484e+00
3.829477131366729736e-01
2.489160060882568359e+00
4.116687774658203125e+00
6.222900390625000000e+00
7.658954143524169922e+00
1.311595916748046875e+01
1.273301124572753906e+01
7.084532737731933594e+00
7.467480182647705078e+00
4.020950794219970703e+00
3.159318685531616211e+00
3.925214052200317383e+00
3.925214052200317383e+00
9.573692828416824341e-02
-1.819001674652099609e+00
-3.446529388427734375e+00
-4.403898715972900391e+00
1.340317010879516602e+00
1.062679862976074219e+01
1.177564239501953125e+01
2.029622840881347656e+01
2.441291618347167969e+01
2.374275779724121094e+01
2.613618087768554688e+01
2.316833686828613281e+01
2.020049095153808594e+01
1.426480197906494141e+01
1.263727474212646484e+01
7.276006698608398438e+00
2.393423318862915039e+00
-7.276006698608398438e+00
-8.712060928344726562e+00
-6.031426429748535156e+00
-2.106212377548217773e+00
2.489160060882568359e+00
3.446529388427734375e+00
2.297686338424682617e+00
4.595372676849365234e+00
7.084532737731933594e+00
8.616323471069335938e+00
1.330743312835693359e+01
1.541364574432373047e+01
1.483922386169433594e+01
1.273301124572753906e+01
1.100974655151367188e+01
8.807797431945800781e+00
5.839952468872070312e+00
6.893058776855468750e+00
1.148843169212341309e+00
-3.542266368865966797e+00
-3.829477071762084961e+00
-6.605847835540771484e+00
-7.658954143524169922e+00
-1.014811420440673828e+01
-7.467480182647705078e+00
-2.010475397109985352e+00
2.680634021759033203e+00
3.063581705093383789e+00
8.233375549316406250e+00
5.457005023956298828e+00
7.658954143524169922e+00
7.371743679046630859e+00
2.967844724655151367e+00
1.436053872108459473e+00
6.701585054397583008e-01
-1.914738565683364868e-01
-5.169794082641601562e+00
-7.658954143524169922e+00
-1.292448520660400391e+01
-1.397759151458740234e+01
-1.560511970520019531e+01
-1.876443862915039062e+01
-1.886017417907714844e+01
-1.732838439941406250e+01
-1.235006332397460938e+01
-4.978320121765136719e+00
1.436053872108459473e+00
4.595372676849365234e+00
6.893058776855468750e+00
8.999271392822265625e+00
9.286481857299804688e+00
3.925214052200317383e+00
1.914738565683364868e-01
-3.063581705093383789e+00
-4.116687774658203125e+00
-5.744215488433837891e+00
-7.850428104400634766e+00
-7.371743679046630859e+00
-1.062679862976074219e+01
-1.014811420440673828e+01
-6.797321796417236328e+00
-5.935689449310302734e+00
6.701585054397583008e-01
7.180269718170166016e+00
1.014811420440673828e+01
6.988795757293701172e+00
6.797321796417236328e+00
5.744215488433837891e+00
7.754691123962402344e+00
4.691109657287597656e+00
4.786846637725830078e+00
1.819001674652099609e+00
-4.882583141326904297e+00
-1.167990493774414062e+01
-1.646675109863281250e+01
-2.039196586608886719e+01
-2.192375564575195312e+01
-2.211523056030273438e+01
-2.393423271179199219e+01
-2.125359725952148438e+01
-1.704117393493652344e+01
-1.876443862915039062e+01
-2.058343887329101562e+01
-2.020049095153808594e+01
-1.905164909362792969e+01
-2.067917633056640625e+01
-2.096638679504394531e+01
-2.249817848205566406e+01
-2.364702033996582031e+01
-2.230670356750488281e+01
-1.924312210083007812e+01
-1.397759151458740234e+01
-1.292448520660400391e+01
-8.999271392822265625e+00
-3.446529388427734375e+00
6.701585054397583008e-01
5.744215846061706543e-01
8.903533935546875000e+00
8.903533935546875000e+00
1.072253608703613281e+01
6.701584815979003906e+00
6.222900390625000000e+00
1.244580030441284180e+00
-4.212424755096435547e+00
-1.081827259063720703e+01
-1.349890708923339844e+01
-1.445627593994140625e+01
-1.215859031677246094e+01
-9.669429779052734375e+00
-2.872107744216918945e+00
2.297686338424682617e+00
4.595372676849365234e+00
1.024385166168212891e+01
1.091401004791259766e+01
1.215859031677246094e+01
1.579659271240234375e+01
2.000901794433593750e+01
2.096638679504394531e+01
2.096638679504394531e+01
1.426480197906494141e+01
1.091401004791259766e+01
7.467480182647705078e+00
8.329113006591796875e+00
1.024385166168212891e+01
1.263727474212646484e+01
1.684969902038574219e+01
1.531790828704833984e+01
1.292448520660400391e+01
1.972180747985839844e+01
1.953033256530761719e+01
2.058343887329101562e+01
1.981754493713378906e+01
2.115786170959472656e+01
2.268965148925781250e+01
2.833813095092773438e+01
2.881681632995605469e+01
2.584897041320800781e+01
2.249817848205566406e+01
2.383849525451660156e+01
2.776371002197265625e+01
3.015713310241699219e+01
2.383849525451660156e+01
2.316833686828613281e+01
2.249817848205566406e+01
1.732838439941406250e+01
1.244580078125000000e+01
9.382219314575195312e+00
6.701584815979003906e+00
-5.744215846061706543e-01
-2.489160060882568359e+00
-6.893058776855468750e+00
-8.520586967468261719e+00
-5.169794082641601562e+00
-3.542266368865966797e+00
-2.010475397109985352e+00
-3.829477131366729736e-01
1.148843169212341309e+00
4.212424755096435547e+00
7.276006698608398438e+00
7.276006698608398438e+00
6.127163410186767578e+00
6.797321796417236328e+00
8.233375549316406250e+00
1.091401004791259766e+01
9.477955818176269531e+00
3.829477071762084961e+00
4.786846339702606201e-01
1.244580030441284180e+00
8.424849510192871094e+00
7.850428104400634766e+00
7.371743679046630859e+00
8.616323471069335938e+00
9.382219314575195312e+00
7.467480182647705078e+00
3.829477071762084961e+00
4.499635696411132812e+00
-5.744215846061706543e-01
-5.744215846061706543e-01
-1.723264694213867188e+00
-1.148843169212341309e+00
-3.063581705093383789e+00
-6.605847835540771484e+00
-8.424849510192871094e+00
-9.956640243530273438e+00
-1.196711635589599609e+01
-9.669429779052734375e+00
-9.573693275451660156e+00
-5.935689449310302734e+00
-4.116687774658203125e+00
-4.499635696411132812e+00
-7.658954143524169922e+00
-6.127163410186767578e+00
-7.850428104400634766e+00
-5.552742004394531250e+00
-4.882583141326904297e+00
-8.520586967468261719e+00
-5.361268043518066406e+00
-6.127163410186767578e+00
-3.255055665969848633e+00
1.627527832984924316e+00
5.265531063079833984e+00
6.222900390625000000e+00
7.946165084838867188e+00
1.196711635589599609e+01
1.617954063415527344e+01
1.330743312835693359e+01
1.780706787109375000e+01
1.570085620880126953e+01
1.608380317687988281e+01
1.522217178344726562e+01
1.196711635589599609e+01
8.903533935546875000e+00
9.095007896423339844e+00
1.330743312835693359e+01
1.732838439941406250e+01
1.876443862915039062e+01
2.154080963134765625e+01
2.470012664794921875e+01
3.073155403137207031e+01
2.977418518066406250e+01
2.671060371398925781e+01
2.211523056030273438e+01
2.412570571899414062e+01
2.020049095153808594e+01
2.087065124511718750e+01
2.000901794433593750e+01
2.230670356750488281e+01
1.847722625732421875e+01
1.857296371459960938e+01
1.761559486389160156e+01
1.503069782257080078e+01
1.617954063415527344e+01
1.895591163635253906e+01
2.211523056030273438e+01
1.665822601318359375e+01
2.134933471679687500e+01
2.000901794433593750e+01
2.010475540161132812e+01
1.608380317687988281e+01
1.254153728485107422e+01
9.190745353698730469e+00
1.043532562255859375e+01
1.158416843414306641e+01
1.455201339721679688e+01
1.302022266387939453e+01
1.388185501098632812e+01
1.330743312835693359e+01
1.828575325012207031e+01
1.943459701538085938e+01
1.886017417907714844e+01
2.134933471679687500e+01
2.326407432556152344e+01
2.259391593933105469e+01
2.020049095153808594e+01
1.895591163635253906e+01
1.943459701538085938e+01
2.307259941101074219e+01
1.991328048706054688e+01
1.531790828704833984e+01
1.522217178344726562e+01
1.292448520660400391e+01
1.416906547546386719e+01
1.819001579284667969e+01
2.029622840881347656e+01
2.173228263854980469e+01
2.077491378784179688e+01
2.106212425231933594e+01
2.163654518127441406e+01
1.598806667327880859e+01
1.378611755371093750e+01
1.282874870300292969e+01
7.371743679046630859e+00
4.595372676849365234e+00
3.829477071762084961e+00
2.872107744216918945e+00
8.329113006591796875e+00
7.180269718170166016e+00
6.797321796417236328e+00
8.137639045715332031e+00
7.563217163085937500e+00
6.605847835540771484e+00
6.797321796417236328e+00
8.903533935546875000e+00
6.127163410186767578e+00
6.605847835540771484e+00
8.137639045715332031e+00
6.031426429748535156e+00
1.819001674652099609e+00
1.627527832984924316e+00
-1.340317010879516602e+00
-1.148843169212341309e+00
9.573692679405212402e-01
1.148843169212341309e+00
1.014811420440673828e+01
1.244580078125000000e+01
1.780706787109375000e+01
1.426480197906494141e+01
1.254153728485107422e+01
1.321169567108154297e+01
7.754691123962402344e+00
8.520586967468261719e+00
5.552742004394531250e+00
7.658954143524169922e+00
8.999271392822265625e+00
6.031426429748535156e+00
7.754691123962402344e+00
8.807797431945800781e+00
1.053106212615966797e+01
1.024385166168212891e+01
1.129695796966552734e+01
1.330743312835693359e+01
1.531790828704833984e+01
1.206285285949707031e+01
1.081827259063720703e+01
1.436053943634033203e+01
1.072253608703613281e+01
1.196711635589599609e+01
1.167990493774414062e+01
1.273301124572753906e+01
1.608380317687988281e+01
1.120122051239013672e+01
1.081827259063720703e+01
1.799854278564453125e+01
1.962607002258300781e+01
2.000901794433593750e+01
2.048770332336425781e+01
2.134933471679687500e+01
2.039196586608886719e+01
1.828575325012207031e+01
1.780706787109375000e+01
1.263727474212646484e+01
1.474348735809326172e+01
9.477955818176269531e+00
6.127163410186767578e+00
6.701584815979003906e+00
7.754691123962402344e+00
5.552742004394531250e+00
6.893058776855468750e+00
5.074057102203369141e+00
1.158416843414306641e+01
1.302022266387939453e+01
1.503069782257080078e+01
1.914738655090332031e+01
1.761559486389160156e+01
2.087065124511718750e+01
1.819001579284667969e+01
2.010475540161132812e+01
1.694543647766113281e+01
2.067917633056640625e+01
1.732838439941406250e+01
1.244580078125000000e+01
9.190745353698730469e+00
7.563217163085937500e+00
1.148843097686767578e+01
1.464774990081787109e+01
1.369038105010986328e+01
1.407332801818847656e+01
1.646675109863281250e+01
1.761559486389160156e+01
1.627527809143066406e+01
1.742412185668945312e+01
1.771133232116699219e+01
2.441291618347167969e+01
2.173228263854980469e+01
2.297686195373535156e+01
2.584897041320800781e+01
2.489160156250000000e+01
2.632765579223632812e+01
2.718928718566894531e+01
2.623191833496093750e+01
3.073155403137207031e+01
3.092302703857421875e+01
2.594470787048339844e+01
2.335980987548828125e+01
2.201949310302734375e+01
1.704117393493652344e+01
1.378611755371093750e+01
1.215859031677246094e+01
1.167990493774414062e+01
6.988795757293701172e+00
2.106212377548217773e+00
1.053106188774108887e+00
5.361268043518066406e+00
7.563217163085937500e+00
8.137639045715332031e+00
1.225432682037353516e+01
1.388185501098632812e+01
1.522217178344726562e+01
1.866870117187500000e+01
1.914738655090332031e+01
1.761559486389160156e+01
1.483922386169433594e+01
1.292448520660400391e+01
1.665822601318359375e+01
1.522217178344726562e+01
1.302022266387939453e+01
1.043532562255859375e+01
1.311595916748046875e+01
1.148843097686767578e+01
1.081827259063720703e+01
3.829477071762084961e+00
-7.658954262733459473e-01
-4.212424755096435547e+00
-5.744215488433837891e+00
-8.903533935546875000e+00
-1.033958816528320312e+01
-5.648478984832763672e+00
-8.233375549316406250e+00
-1.091401004791259766e+01
-7.563217163085937500e+00
-6.988795757293701172e+00
-5.935689449310302734e+00
-2.010475397109985352e+00
-4.786846339702606201e-01
-7.658954262733459473e-01
3.829477131366729736e-01
5.169794082641601562e+00
7.563217163085937500e+00
8.424849510192871094e+00
6.031426429748535156e+00
4.882583141326904297e+00
3.063581705093383789e+00
4.116687774658203125e+00
1.436053872108459473e+00
-1.914738565683364868e-01
-3.255055665969848633e+00
-1.531790852546691895e+00
-3.063581705093383789e+00
-1.819001674652099609e+00
-3.829477071762084961e+00
-3.733740091323852539e+00
-3.829477071762084961e+00
-2.010475397109985352e+00
-9.573692679405212402e-01
-6.701584815979003906e+00
-6.988795757293701172e+00
-1.005237770080566406e+01
-9.956640243530273438e+00
-8.424849510192871094e+00
-6.318637371063232422e+00
-4.403898715972900391e+00
-4.212424755096435547e+00
-7.658954143524169922e+00
-8.329113006591796875e+00
-7.946165084838867188e+00
-3.446529388427734375e+00
-4.978320121765136719e+00
-2.297686338424682617e+00
1.148843169212341309e+00
-1.914738565683364868e-01
-4.786846637725830078e+00
-1.062679862976074219e+01
-1.656248855590820312e+01
-2.221096801757812500e+01
-2.173228263854980469e+01
-2.326407432556152344e+01
-2.680633926391601562e+01
-2.575323295593261719e+01
-2.718928718566894531e+01
-2.910402679443359375e+01
-3.159318542480468750e+01
-3.274203109741210938e+01
-3.178466033935546875e+01
-2.728502464294433594e+01
-2.814665603637695312e+01
-2.671060371398925781e+01
-2.240244102478027344e+01
-1.876443862915039062e+01
-1.761559486389160156e+01
-2.010475540161132812e+01
-1.895591163635253906e+01
-1.962607002258300781e+01
-2.115786170959472656e+01
-1.972180747985839844e+01
-1.723264694213867188e+01
-1.503069782257080078e+01
-1.263727474212646484e+01
-1.292448520660400391e+01
-8.041901588439941406e+00
-6.031426429748535156e+00
-9.286481857299804688e+00
-9.190745353698730469e+00
-4.882583141326904297e+00
-2.680634021759033203e+00
-5.744215488433837891e+00
-5.744215488433837891e+00
-4.882583141326904297e+00
-1.244580030441284180e+00
-2.393423318862915039e+00
-6.701585054397583008e-01
2.872107923030853271e-01
1.244580030441284180e+00
1.627527832984924316e+00
4.020950794219970703e+00
8.616323471069335938e+00
1.263727474212646484e+01
1.445627593994140625e+01
1.359464359283447266e+01
1.426480197906494141e+01
8.424849510192871094e+00
5.648478984832763672e+00
8.807797431945800781e+00
8.233375549316406250e+00
4.308161735534667969e+00
7.850428104400634766e+00
1.254153728485107422e+01
1.761559486389160156e+01
1.531790828704833984e+01
1.493496036529541016e+01
1.321169567108154297e+01
1.378611755371093750e+01
1.081827259063720703e+01
1.033958816528320312e+01
3.925214052200317383e+00
2.776371002197265625e+00
4.595372676849365234e+00
4.308161735534667969e+00
8.807797431945800781e+00
8.233375549316406250e+00
7.276006698608398438e+00
9.573693275451660156e+00
1.369038105010986328e+01
1.799854278564453125e+01
1.617954063415527344e+01
2.020049095153808594e+01
1.780706787109375000e+01
1.886017417907714844e+01
1.933885955810546875e+01
2.115786170959472656e+01
2.192375564575195312e+01
1.981754493713378906e+01
2.326407432556152344e+01
2.632765579223632812e+01
3.092302703857421875e+01
3.350792312622070312e+01
3.274203109741210938e+01
3.312497711181640625e+01
3.245481872558593750e+01
2.919976234436035156e+01
2.584897041320800781e+01
2.508307456970214844e+01
2.297686195373535156e+01
2.709355163574218750e+01
2.508307456970214844e+01
2.450865364074707031e+01
2.335980987548828125e+01
1.819001579284667969e+01
1.436053943634033203e+01
1.512643432617187500e+01
1.790280532836914062e+01
2.058343887329101562e+01
2.460439109802246094e+01
2.192375564575195312e+01
2.029622840881347656e+01
2.364702033996582031e+01
2.498733901977539062e+01
2.479586410522460938e+01
2.259391593933105469e+01
2.326407432556152344e+01
2.546602249145507812e+01
2.393423271179199219e+01
2.058343887329101562e+01
1.828575325012207031e+01
1.924312210083007812e+01
2.096638679504394531e+01
2.211523056030273438e+01
2.182802009582519531e+01
1.866870117187500000e+01
1.531790828704833984e+01
1.493496036529541016e+01
1.684969902038574219e+01
1.627527809143066406e+01
1.656248855590820312e+01
1.981754493713378906e+01
1.799854278564453125e+01
1.627527809143066406e+01
1.550938224792480469e+01
1.110548400878906250e+01
1.100974655151367188e+01
1.139269447326660156e+01
1.378611755371093750e+01
1.053106212615966797e+01
1.656248855590820312e+01
1.340316963195800781e+01
1.579659271240234375e+01
1.340316963195800781e+01
1.369038105010986328e+01
1.033958816528320312e+01
9.956640243530273438e+00
1.129695796966552734e+01
9.573693275451660156e+00
4.212424755096435547e+00
4.882583141326904297e+00
4.786846339702606201e-01
1.244580030441284180e+00
3.733740091323852539e+00
9.573692828416824341e-02
-3.350792407989501953e+00
-2.584897041320800781e+00
-3.446529388427734375e+00
-4.212424755096435547e+00
-5.074057102203369141e+00
-5.265531063079833984e+00
-5.744215488433837891e+00
-6.031426429748535156e+00
-2.201949357986450195e+00
1.053106188774108887e+00
-4.691109657287597656e+00
-4.020950794219970703e+00
-2.776371002197265625e+00
-1.244580030441284180e+00
0.000000000000000000e+00
-5.744215846061706543e-01
2.967844724655151367e+00
8.424849510192871094e+00
1.120122051239013672e+01
9.477955818176269531e+00
6.893058776855468750e+00
-1.053106188774108887e+00
-3.255055665969848633e+00
-7.658954262733459473e-01
6.127163410186767578e+00
8.233375549316406250e+00
1.053106212615966797e+01
1.005237770080566406e+01
1.388185501098632812e+01
5.935689449310302734e+00
-1.244580030441284180e+00
-1.819001674652099609e+00
-7.180269718170166016e+00
-9.286481857299804688e+00
-1.608380317687988281e+01
-2.383849525451660156e+01
-2.977418518066406250e+01
-2.919976234436035156e+01
-2.546602249145507812e+01
-2.201949310302734375e+01
-1.981754493713378906e+01
-1.780706787109375000e+01
-1.895591163635253906e+01
-2.230670356750488281e+01
-2.594470787048339844e+01
-2.584897041320800781e+01
-2.671060371398925781e+01
-2.431718063354492188e+01
-2.680633926391601562e+01
-2.661486625671386719e+01
-2.814665603637695312e+01
-2.326407432556152344e+01
-2.479586410522460938e+01
-2.565749740600585938e+01
-2.163654518127441406e+01
-1.751985740661621094e+01
-1.522217178344726562e+01
-1.407332801818847656e+01
-1.091401004791259766e+01
-1.302022266387939453e+01
-1.235006332397460938e+01
-1.158416843414306641e+01
-1.091401004791259766e+01
-9.190745353698730469e+00
-1.608380317687988281e+01
-1.541364574432373047e+01
-1.321169567108154297e+01
-1.053106212615966797e+01
-8.137639045715332031e+00
-4.020950794219970703e+00
-5.361268043518066406e+00
-5.074057102203369141e+00
-7.754691123962402344e+00
-6.031426429748535156e+00
-7.180269718170166016e+00
-8.712060928344726562e+00
-6.414374351501464844e+00
-8.233375549316406250e+00
-6.701584815979003906e+00
-6.414374351501464844e+00
-4.499635696411132812e+00
-4.786846637725830078e+00
-5.839952468872070312e+00
-8.329113006591796875e+00
-8.616323471069335938e+00
-8.999271392822265625e+00
-9.286481857299804688e+00
-6.318637371063232422e+00
-6.031426429748535156e+00
-6.988795757293701172e+00
-9.765166282653808594e+00
-6.222900390625000000e+00
-8.041901588439941406e+00
-1.005237770080566406e+01
-1.177564239501953125e+01
-8.616323471069335938e+00
-9.190745353698730469e+00
-1.378611755371093750e+01
-1.349890708923339844e+01
-1.397759151458740234e+01
-1.751985740661621094e+01
-1.742412185668945312e+01
-2.020049095153808594e+01
-1.522217178344726562e+01
-1.359464359283447266e+01
-1.704117393493652344e+01
-1.684969902038574219e+01
-1.282874870300292969e+01
-1.397759151458740234e+01
-1.512643432617187500e+01
-1.895591163635253906e+01
-1.215859031677246094e+01
-8.712060928344726562e+00
-9.190745353698730469e+00
-6.222900390625000000e+00
-2.010475397109985352e+00
-2.872107923030853271e-01
1.627527832984924316e+00
-7.658954262733459473e-01
-2.776371002197265625e+00
-5.265531063079833984e+00
-6.222900390625000000e+00
-6.510111331939697266e+00
-9.477955818176269531e+00
-1.024385166168212891e+01
-1.033958816528320312e+01
-1.531790828704833984e+01
-2.288112640380859375e+01
-2.345554733276367188e+01
-2.154080963134765625e+01
-2.393423271179199219e+01
-2.785944557189941406e+01
-2.604044532775878906e+01
-2.556175994873046875e+01
-2.919976234436035156e+01
-2.986992073059082031e+01
-3.188039779663085938e+01
-3.322071456909179688e+01
-3.331645202636718750e+01
-3.590134811401367188e+01
-3.628429412841796875e+01
-3.494397735595703125e+01
-3.111450195312500000e+01
-2.422144317626953125e+01
-1.838149070739746094e+01
-1.723264694213867188e+01
-1.780706787109375000e+01
-1.771133232116699219e+01
-1.933885955810546875e+01
-1.914738655090332031e+01
-2.412570571899414062e+01
-3.188039779663085938e+01
-3.197613334655761719e+01
-3.752887725830078125e+01
-3.800756072998046875e+01
-3.427381896972656250e+01
-3.360366058349609375e+01
-2.814665603637695312e+01
-2.144507217407226562e+01
-2.048770332336425781e+01
-1.503069782257080078e+01
-1.062679862976074219e+01
-1.570085620880126953e+01
-1.388185501098632812e+01
-1.483922386169433594e+01
-1.033958816528320312e+01
-6.318637371063232422e+00
-1.244580030441284180e+00
-1.819001674652099609e+00
2.297686338424682617e+00
9.477955818176269531e+00
1.091401004791259766e+01
1.522217178344726562e+01
1.704117393493652344e+01
2.106212425231933594e+01
1.617954063415527344e+01
1.455201339721679688e+01
1.148843097686767578e+01
5.744215846061706543e-01
-3.925214052200317383e+00
-9.573693275451660156e+00
-1.675396156311035156e+01
-1.886017417907714844e+01
-1.828575325012207031e+01
-1.866870117187500000e+01
-2.154080963134765625e+01
-2.402996826171875000e+01
-2.345554733276367188e+01
-2.441291618347167969e+01
-2.374275779724121094e+01
-2.134933471679687500e+01
-2.345554733276367188e+01
-3.025286865234375000e+01
-3.350792312622070312e+01
-3.092302703857421875e+01
-2.996565818786621094e+01
-2.489160156250000000e+01
-1.656248855590820312e+01
-1.886017417907714844e+01
-1.474348735809326172e+01
-9.286481857299804688e+00
-7.754691123962402344e+00
-7.276006698608398438e+00
-1.340316963195800781e+01
-1.847722625732421875e+01
-1.761559486389160156e+01
-2.221096801757812500e+01
-2.192375564575195312e+01
-2.154080963134765625e+01
-2.412570571899414062e+01
-2.623191833496093750e+01
-3.465676879882812500e+01
-4.164556503295898438e+01
-5.313399505615234375e+01
-5.811231613159179688e+01
-6.146310806274414062e+01
-5.648478698730468750e+01
-5.677199935913085938e+01
-5.993131637573242188e+01
-6.270768737792968750e+01
-7.103680419921875000e+01
-7.850428009033203125e+01
-8.022754669189453125e+01
-7.927017974853515625e+01
-8.003607177734375000e+01
-7.668527984619140625e+01
-7.410037994384765625e+01
-7.237712097167968750e+01
-7.122827148437500000e+01
-7.496201324462890625e+01
-7.869575500488281250e+01
-8.836518859863281250e+01
-9.343923950195312500e+01
-9.525824737548828125e+01
-1.010981979370117188e+02
-1.041617813110351562e+02
-1.095230484008789062e+02
-1.098102569580078125e+02
-1.093315734863281250e+02
-1.100974655151367188e+02
-1.143098907470703125e+02
-1.131610488891601562e+02
-1.134482574462890625e+02
-1.106718902587890625e+02
-1.101932067871093750e+02
-1.148843154907226562e+02
-1.177564239501953125e+02
-1.264684829711914062e+02
-1.333615417480468750e+02
-1.371910247802734375e+02
-1.433181762695312500e+02
-1.472433929443359375e+02
-1.447542419433593750e+02
-1.457116088867187500e+02
-1.535620269775390625e+02
-1.633271942138671875e+02
-1.734753112792968750e+02
-1.801768951416015625e+02
-1.852509613037109375e+02
-1.884102783203125000e+02
-1.884102783203125000e+02
-1.876443786621093750e+02
-1.884102783203125000e+02
-1.814214782714843750e+02
-1.779749450683593750e+02
-1.733795776367187500e+02
-1.731881103515625000e+02
-1.729966278076171875e+02
-1.699330444335937500e+02
-1.651461944580078125e+02
-1.625613098144531250e+02
-1.605508270263671875e+02
-1.566256103515625000e+02
-1.493496093750000000e+02
-1.419778594970703125e+02
-1.350848083496093750e+02
-1.256068496704101562e+02
-1.161288909912109375e+02
-1.057893066406250000e+02
-1.069381484985351562e+02
-1.041617813110351562e+02
-9.899198150634765625e+01
-9.621561431884765625e+01
-9.267334747314453125e+01
-8.826944732666015625e+01
-8.108917999267578125e+01
-7.352596282958984375e+01
-5.954837036132812500e+01
-4.834714889526367188e+01
-3.829477310180664062e+01
-2.919976234436035156e+01
-2.192375564575195312e+01
-1.426480197906494141e+01
-2.393423318862915039e+00
2.010475397109985352e+00
4.308161735534667969e+00
-6.701585054397583008e-01
2.297686338424682617e+00
2.680634021759033203e+00
-4.212424755096435547e+00
-2.967844724655151367e+00
-9.573692679405212402e-01
3.446529388427734375e+00
9.382219314575195312e+00
1.167990493774414062e+01
1.436053943634033203e+01
1.589233016967773438e+01
2.096638679504394531e+01
2.134933471679687500e+01
2.182802009582519531e+01
2.240244102478027344e+01
1.407332801818847656e+01
1.120122051239013672e+01
1.110548400878906250e+01
8.041901588439941406e+00
5.839952468872070312e+00
7.946165084838867188e+00
1.139269447326660156e+01
1.263727474212646484e+01
1.311595916748046875e+01
1.397759151458740234e+01
1.656248855590820312e+01
2.020049095153808594e+01
1.627527809143066406e+01
8.616323471069335938e+00
3.255055665969848633e+00
-1.914738565683364868e-01
-2.776371002197265625e+00
-1.053106188774108887e+00
2.297686338424682617e+00
6.414374351501464844e+00
1.388185501098632812e+01
2.125359725952148438e+01
3.341218948364257812e+01
4.317735290527343750e+01
4.997467803955078125e+01
4.710256958007812500e+01
4.940025329589843750e+01
4.451767349243164062e+01
3.628429412841796875e+01
2.671060371398925781e+01
3.044434356689453125e+01
3.245481872558593750e+01
3.417808151245117188e+01
3.733740234375000000e+01
4.365604019165039062e+01
5.007041168212890625e+01
5.638904953002929688e+01
6.069721221923828125e+01
6.768600463867187500e+01
6.998369598388671875e+01
7.314301300048828125e+01
7.563217163085937500e+01
7.591938781738281250e+01
7.390890502929687500e+01
6.749453735351562500e+01
5.878247451782226562e+01
5.074057388305664062e+01
4.059245681762695312e+01
3.599708557128906250e+01
2.986992073059082031e+01
2.508307456970214844e+01
2.517881202697753906e+01
2.958271026611328125e+01
4.202851104736328125e+01
5.562315368652343750e+01
6.529258728027343750e+01
7.381317138671875000e+01
7.103680419921875000e+01
7.103680419921875000e+01
6.778174591064453125e+01
5.878247451782226562e+01
5.007041168212890625e+01
4.107114410400390625e+01
2.747649765014648438e+01
2.154080963134765625e+01
1.914738655090332031e+01
1.857296371459960938e+01
3.073155403137207031e+01
4.020951080322265625e+01
5.007041168212890625e+01
6.088868713378906250e+01
7.390890502929687500e+01
7.907870483398437500e+01
7.754691314697265625e+01
7.199417114257812500e+01
6.586700439453125000e+01
5.859099960327148438e+01
4.834714889526367188e+01
4.020951080322265625e+01
3.235908126831054688e+01
2.470012664794921875e+01
2.297686195373535156e+01
2.479586410522460938e+01
3.082729148864746094e+01
4.308161926269531250e+01
5.428283691406250000e+01
6.883485412597656250e+01
8.415276336669921875e+01
9.564118957519531250e+01
9.956640625000000000e+01
1.011939315795898438e+02
9.774740600585937500e+01
9.008844757080078125e+01
8.338686370849609375e+01
7.515348815917968750e+01
6.730306243896484375e+01
5.677199935913085938e+01
5.054909896850585938e+01
4.566651535034179688e+01
4.442193603515625000e+01
4.681535720825195312e+01
5.208089065551757812e+01
5.744215774536132812e+01
6.692011260986328125e+01
7.879148864746093750e+01
8.951403045654296875e+01
9.286482238769531250e+01
9.679003143310546875e+01
9.238613891601562500e+01
8.491865539550781250e+01
7.658954620361328125e+01
6.395226669311523438e+01
5.409136581420898438e+01
3.877345657348632812e+01
2.565749740600585938e+01
1.550938224792480469e+01
1.053106212615966797e+01
9.477955818176269531e+00
2.020049095153808594e+01
3.369939804077148438e+01
4.825141143798828125e+01
5.973984146118164062e+01
6.500537109375000000e+01
6.376079559326171875e+01
6.117589569091796875e+01
5.428283691406250000e+01
4.346456527709960938e+01
3.293350219726562500e+01
1.684969902038574219e+01
2.584897041320800781e+00
-6.893058776855468750e+00
-1.933885955810546875e+01
-2.240244102478027344e+01
-1.656248855590820312e+01
-1.235006332397460938e+01
-4.116687774658203125e+00
3.350792407989501953e+00
1.522217178344726562e+01
2.766797256469726562e+01
3.417808151245117188e+01
3.484824371337890625e+01
3.216760635375976562e+01
2.048770332336425781e+01
1.225432682037353516e+01
-2.010475397109985352e+00
-9.573693275451660156e+00
-1.340316963195800781e+01
-1.483922386169433594e+01
-1.445627593994140625e+01
-9.382219314575195312e+00
-5.169794082641601562e+00
3.446529388427734375e+00
9.573693275451660156e+00
2.048770332336425781e+01
3.283776473999023438e+01
3.772034835815429688e+01
4.078393173217773438e+01
4.480488204956054688e+01
4.403898620605468750e+01
4.040098190307617188e+01
2.986992073059082031e+01
1.761559486389160156e+01
4.978320121765136719e+00
-1.110548400878906250e+01
-2.125359725952148438e+01
-2.470012664794921875e+01
-2.268965148925781250e+01
-1.876443862915039062e+01
-9.956640243530273438e+00
2.297686338424682617e+00
7.658954143524169922e+00
8.329113006591796875e+00
1.110548400878906250e+01
1.129695796966552734e+01
1.053106212615966797e+01
7.084532737731933594e+00
-2.680634021759033203e+00
-9.669429779052734375e+00
-1.531790828704833984e+01
-1.991328048706054688e+01
-2.747649765014648438e+01
-3.523118972778320312e+01
-3.207187271118164062e+01
-2.470012664794921875e+01
-1.570085620880126953e+01
-4.595372676849365234e+00
4.212424755096435547e+00
9.382219314575195312e+00
1.311595916748046875e+01
1.254153728485107422e+01
6.031426429748535156e+00
4.116687774658203125e+00
-7.658954262733459473e-01
-8.807797431945800781e+00
-1.263727474212646484e+01
-1.828575325012207031e+01
-1.838149070739746094e+01
-1.876443862915039062e+01
-1.531790828704833984e+01
-1.024385166168212891e+01
9.573692679405212402e-01
3.542266368865966797e+00
1.014811420440673828e+01
1.579659271240234375e+01
2.087065124511718750e+01
2.632765579223632812e+01
2.929549980163574219e+01
3.025286865234375000e+01
3.063581657409667969e+01
2.948697471618652344e+01
2.699781417846679688e+01
2.556175994873046875e+01
2.422144317626953125e+01
2.345554733276367188e+01
2.393423271179199219e+01
2.632765579223632812e+01
3.264629364013671875e+01
3.044434356689453125e+01
3.331645202636718750e+01
3.532692718505859375e+01
3.647576904296875000e+01
3.427381896972656250e+01
3.906066513061523438e+01
4.279440689086914062e+01
4.585799026489257812e+01
4.949599075317382812e+01
5.083630752563476562e+01
5.026188659667968750e+01
5.160220336914062500e+01
5.179367828369140625e+01
5.054909896850585938e+01
4.844288635253906250e+01
5.026188659667968750e+01
5.054909896850585938e+01
4.767699050903320312e+01
4.470914459228515625e+01
4.432619857788085938e+01
4.317735290527343750e+01
4.949599075317382812e+01
4.738977813720703125e+01
4.940025329589843750e+01
4.250719451904296875e+01
4.202851104736328125e+01
4.317735290527343750e+01
3.973082351684570312e+01
3.819903564453125000e+01
3.867771911621093750e+01
3.628429412841796875e+01
3.906066513061523438e+01
3.896493148803710938e+01
3.839050674438476562e+01
3.398661041259765625e+01
3.389087295532226562e+01
3.283776473999023438e+01
3.417808151245117188e+01
3.350792312622070312e+01
3.341218948364257812e+01
3.092302703857421875e+01
2.872107887268066406e+01
2.699781417846679688e+01
2.738076210021972656e+01
2.613618087768554688e+01
2.422144317626953125e+01
2.431718063354492188e+01
2.402996826171875000e+01
2.383849525451660156e+01
1.886017417907714844e+01
1.704117393493652344e+01
1.416906547546386719e+01
1.158416843414306641e+01
1.081827259063720703e+01
1.100974655151367188e+01
6.510111331939697266e+00
6.701584815979003906e+00
5.169794082641601562e+00
1.053106212615966797e+01
1.148843097686767578e+01
1.005237770080566406e+01
1.120122051239013672e+01
1.340316963195800781e+01
1.014811420440673828e+01
1.235006332397460938e+01
1.215859031677246094e+01
1.129695796966552734e+01
9.956640243530273438e+00
1.311595916748046875e+01
1.608380317687988281e+01
1.493496036529541016e+01
1.799854278564453125e+01
1.522217178344726562e+01
1.263727474212646484e+01
9.669429779052734375e+00
9.765166282653808594e+00
9.477955818176269531e+00
3.638003349304199219e+00
3.446529388427734375e+00
8.329113006591796875e+00
1.043532562255859375e+01
1.148843097686767578e+01
1.167990493774414062e+01
1.436053943634033203e+01
1.656248855590820312e+01
1.167990493774414062e+01
1.139269447326660156e+01
8.903533935546875000e+00
1.196711635589599609e+01
1.177564239501953125e+01
7.658954143524169922e+00
3.350792407989501953e+00
6.988795757293701172e+00
9.669429779052734375e+00
8.616323471069335938e+00
1.187137889862060547e+01
1.637101554870605469e+01
1.742412185668945312e+01
2.000901794433593750e+01
1.933885955810546875e+01
2.460439109802246094e+01
2.470012664794921875e+01
2.718928718566894531e+01
2.594470787048339844e+01
2.556175994873046875e+01
2.795518302917480469e+01
2.766797256469726562e+01
2.814665603637695312e+01
2.546602249145507812e+01
2.623191833496093750e+01
2.326407432556152344e+01
2.335980987548828125e+01
3.130597496032714844e+01
3.168892288208007812e+01
3.360366058349609375e+01
4.097540664672851562e+01
4.145409011840820312e+01
3.925214004516601562e+01
3.906066513061523438e+01
3.523118972778320312e+01
3.494397735595703125e+01
3.580561065673828125e+01
3.398661041259765625e+01
3.197613334655761719e+01
3.848624420166015625e+01
4.116687774658203125e+01
3.800756072998046875e+01
4.145409011840820312e+01
4.537930297851562500e+01
4.853862380981445312e+01
4.873009490966796875e+01
4.576225280761718750e+01
4.174130249023437500e+01
4.432619857788085938e+01
4.805993652343750000e+01
4.499635696411132812e+01
4.308161926269531250e+01
4.336882781982421875e+01
4.126261520385742188e+01
4.049671936035156250e+01
4.336882781982421875e+01
4.356030273437500000e+01
4.375177764892578125e+01
4.030524826049804688e+01
3.839050674438476562e+01
3.609282302856445312e+01
3.341218948364257812e+01
2.546602249145507812e+01
2.221096801757812500e+01
1.780706787109375000e+01
1.522217178344726562e+01
1.110548400878906250e+01
6.893058776855468750e+00
4.882583141326904297e+00
4.499635696411132812e+00
6.222900390625000000e+00
1.062679862976074219e+01
1.100974655151367188e+01
1.282874870300292969e+01
1.311595916748046875e+01
1.436053943634033203e+01
1.684969902038574219e+01
1.426480197906494141e+01
1.196711635589599609e+01
1.397759151458740234e+01
1.704117393493652344e+01
6.701584815979003906e+00
1.062679862976074219e+01
1.129695796966552734e+01
1.053106212615966797e+01
5.361268043518066406e+00
5.744215846061706543e-01
0.000000000000000000e+00
5.839952468872070312e+00
8.999271392822265625e+00
8.233375549316406250e+00
-1.819001674652099609e+00
-5.361268043518066406e+00
-6.510111331939697266e+00
-6.127163410186767578e+00
-4.595372676849365234e+00
-2.489160060882568359e+00
-3.063581705093383789e+00
-6.510111331939697266e+00
-7.371743679046630859e+00
-8.616323471069335938e+00
-5.744215488433837891e+00
-4.691109657287597656e+00
-9.573693275451660156e+00
-1.177564239501953125e+01
-1.292448520660400391e+01
-2.000901794433593750e+01
-1.436053943634033203e+01
-9.669429779052734375e+00
-4.212424755096435547e+00
-2.872107744216918945e+00
-4.499635696411132812e+00
-6.797321796417236328e+00
-1.062679862976074219e+01
-9.669429779052734375e+00
-1.014811420440673828e+01
-1.110548400878906250e+01
-1.100974655151367188e+01
-1.091401004791259766e+01
-1.349890708923339844e+01
-1.531790828704833984e+01
-1.426480197906494141e+01
-1.550938224792480469e+01
